-246,0,-3,-14,-74,-78,-679,213,359
-249,-1,-4,56,-58,-55,-671,209,356
-252,0,3,101,-23,7,-677,213,357
-251,1,-3,80,10,-21,-673,211,357
-250,0,-1,5,16,-13,-678,213,356
-249,1,-4,62,-14,-7,-669,210,355
-249,1,-2,32,-22,-54,-678,217,357
-249,-3,-1,18,-65,-71,-668,211,353
-250,0,-2,108,23,0,-676,213,357
-250,0,-2,118,-52,-4,-671,212,353
-249,1,-8,61,-11,-35,-677,214,357
-250,1,-2,-74,-123,-99,-678,213,355
-252,-4,-1,-47,-57,-45,-674,217,358
-251,-1,-3,159,3,46,-678,214,358
-252,1,0,180,60,52,-673,212,355
-250,0,1,91,6,-37,-680,213,354
-248,-1,-5,4,-11,-78,-674,213,356
-246,-1,-11,20,4,-45,-680,215,355
-250,5,-6,28,-167,-34,-673,211,356
-252,-2,-6,33,-47,-85,-680,214,356
-251,1,0,55,-12,-62,-674,213,356
-249,2,0,-16,34,-112,-678,217,359
-250,-3,-1,24,17,-103,-671,208,359
-251,-2,-5,59,43,-66,-677,212,359
-251,-2,-1,150,-7,-25,-677,212,358
-249,1,-4,133,51,-16,-679,211,356
-250,0,-3,61,-21,-35,-677,210,354
-248,-1,-4,-37,1,-50,-680,212,356
-249,0,-1,53,53,-24,-677,213,356
-250,-2,-5,153,15,-15,-676,212,357
-250,0,-5,229,-49,9,-679,209,359
-250,0,-2,219,-74,-38,-676,212,357
-248,1,-5,44,27,-21,-679,213,359
-247,-2,-6,-37,-19,-51,-678,212,351
-250,-2,-2,52,-35,-65,-679,218,355
-251,-1,0,132,25,-50,-674,212,351
-250,-1,-4,197,-4,23,-680,214,356
-250,0,-5,162,-41,20,-676,210,351
-251,-1,-7,33,-6,-57,-679,216,358
-248,0,-3,-67,-33,-86,-678,213,353
-249,-3,-7,-101,-3,-73,-680,212,356
-249,0,-4,135,-70,15,-678,211,354
-249,0,0,83,-21,-12,-680,211,355
-247,2,-12,25,105,-55,-675,211,353
-248,0,-4,41,-116,-18,-681,211,358
-252,0,1,-110,-101,-21,-676,210,355
-252,-4,-3,-100,41,15,-678,210,352
-251,0,-2,116,47,61,-679,210,354
-247,2,-11,122,106,82,-678,212,353
-248,-1,-5,102,-58,1,-680,211,355
-249,0,-11,101,-84,-52,-674,206,351
-250,0,2,184,-196,-48,-681,214,361
-251,-2,-7,87,25,7,-676,212,353
-251,-1,-2,-31,31,-18,-683,211,357
-250,-2,-2,102,-41,1,-676,208,355
-248,1,-9,30,58,-1,-683,215,354
-249,0,-2,61,-169,-79,-677,207,355
-251,-2,-4,29,41,-47,-678,212,353
-252,-2,-2,113,33,-51,-680,210,352
-247,1,-5,119,64,-2,-683,213,356
-250,-1,-4,-64,23,-14,-679,210,353
-251,-3,-4,-67,-20,-32,-679,209,355
-250,-2,-4,74,-29,1,-681,209,356
-249,4,-4,185,-48,55,-673,210,354
-250,0,-3,29,-40,26,-676,212,354
-250,-2,-5,-44,-47,69,-674,207,355
-252,0,-1,-68,-23,59,-683,211,353
-250,1,-4,45,24,47,-674,209,347
-250,0,-4,128,43,1,-682,212,352
-252,0,-3,136,44,22,-676,209,353
-249,0,-11,-10,56,23,-681,212,353
-249,-1,-2,33,-114,-3,-678,213,351
-250,0,-4,50,-111,5,-683,218,352
-249,0,-2,41,-13,32,-675,209,353
-248,0,-7,-33,95,32,-679,215,355
-251,0,-5,-1,21,32,-674,212,349
-252,0,-5,42,-30,8,-673,212,354
-247,1,-2,39,13,-4,-676,213,352
-248,2,-10,-18,109,42,-676,212,351
-249,1,-7,-95,14,25,-676,214,353
-251,0,-3,-66,-14,-13,-671,211,353
-248,1,-5,50,25,79,-678,213,355
-248,1,-4,45,-15,103,-671,213,351
-251,2,-3,-39,43,110,-681,213,352
-249,1,0,-180,23,70,-674,212,352
-252,1,-11,-210,147,52,-680,211,353
-253,0,-2,37,42,-17,-672,212,351
-250,1,-7,262,-50,-34,-679,214,353
-249,3,-7,248,16,-23,-679,211,349
-250,2,-7,129,-4,-68,-677,212,352
-250,1,-10,-75,-6,-84,-677,211,354
-248,-1,-5,-130,-48,-72,-677,211,352
-249,0,-5,116,-58,-21,-678,210,351
-251,3,-6,204,-141,22,-674,213,354
-252,0,-1,70,-144,-103,-674,214,351
-250,1,-9,42,43,-100,-673,212,356
-251,-2,-5,147,-30,-47,-682,212,351
-249,2,-8,54,-34,-22,-673,209,350
-250,3,-11,-6,-41,-28,-677,212,353
-251,2,2,98,-223,35,-673,212,353
-252,1,-5,-10,1,41,-673,211,351
-250,1,-4,160,-8,1,-673,211,351
-250,2,-7,220,-8,-43,-678,213,356
-251,0,-6,104,-73,-90,-675,212,351
-247,1,-13,-32,-42,-63,-674,214,356
-250,1,-7,-47,-84,-85,-677,210,350
-253,1,-3,-51,-82,-76,-680,211,353
-252,0,-3,19,19,-78,-675,213,353
-251,0,0,87,20,-44,-676,212,352
-250,3,-4,144,175,16,-673,211,350
-247,3,-15,115,188,16,-677,211,351
-248,0,-1,-6,7,-24,-678,207,351
-250,0,-12,-30,167,66,-677,214,351
-251,2,-8,112,-61,81,-678,211,348
-251,1,-3,152,-120,-3,-678,213,350
-250,-1,-13,38,3,-40,-678,219,351
-249,0,-4,66,-40,-3,-675,211,352
-251,1,-13,81,31,7,-680,214,350
-250,2,-10,146,-52,5,-676,216,351
-251,1,-2,82,-178,-5,-676,212,347
-250,1,-7,-62,-109,-51,-682,216,351
-251,0,-7,81,-73,-25,-672,214,349
-250,0,-5,227,-47,27,-676,215,352
-250,2,-3,230,24,33,-679,207,350
-249,2,-8,27,78,-9,-679,218,354
-250,2,-10,4,-20,-36,-674,208,348
-250,1,-6,1,1,-77,-679,214,351
-248,-7,-7,44,-2,-135,-674,211,349
-251,-3,-3,48,273,31,-680,212,350
-249,2,-12,102,269,48,-685,214,350
-250,2,-16,120,107,-1,-678,214,350
-252,-1,-7,71,-269,-52,-684,213,351
-249,1,-6,-20,-177,-62,-678,215,349
-252,-1,-3,-68,-115,-77,-683,216,353
-250,0,-8,64,14,-20,-677,215,347
-251,2,-3,218,-22,-24,-681,213,353
-249,2,-12,104,152,-12,-675,207,352
-250,1,-4,61,69,-59,-681,216,352
-252,0,-5,-68,84,-73,-678,213,346
-252,-2,-7,-69,160,-89,-678,213,349
-250,1,-10,116,239,-4,-677,207,349
-248,3,-18,215,204,37,-681,213,347
-249,1,-7,2,-163,-59,-685,214,346
-249,-1,-7,-120,-16,-54,-683,215,350
-250,1,-7,-79,69,2,-685,214,345
-250,1,-11,-29,118,-4,-680,213,346
-249,0,-11,62,155,40,-684,215,347
-249,4,-12,145,20,41,-680,212,346
-253,0,-4,-7,40,-6,-686,214,349
-251,1,-14,60,260,62,-683,210,345
-251,2,-14,279,74,98,-686,212,349
-250,0,-6,10,223,-32,-683,214,346
-246,-1,-10,-139,412,13,-689,217,345
-247,0,-1,-145,547,143,-683,216,342
-254,4,-25,-298,802,179,-689,212,342
-248,-5,-10,-532,1058,273,-690,213,335
-250,2,-34,-58,613,137,-692,216,341
-252,2,-17,238,11,11,-694,213,331
-251,5,-13,285,-301,-21,-690,214,337
-250,3,-16,-1,-124,-94,-693,213,337
-251,2,-11,-16,-113,-63,-692,211,339
-252,1,-14,-2,-15,3,-692,213,338
-251,3,-14,-49,173,11,-689,212,339
-249,3,-21,-63,195,-21,-690,210,333
-248,1,-26,22,55,-82,-691,213,336
-249,3,-10,260,-274,-73,-693,215,339
-249,3,-6,137,34,-45,-687,210,333
-250,3,-15,-65,333,-3,-694,213,335
-249,2,-22,-277,635,-41,-693,206,335
-247,2,-44,31,532,-81,-697,214,330
-249,1,-23,454,-414,-139,-689,212,330
-248,1,-23,253,-608,-161,-697,214,334
-248,1,-25,154,-870,-124,-689,210,334
-247,-5,-32,404,-1247,-92,-696,217,338
-252,-3,7,422,-1039,27,-685,209,342
-251,-5,-24,293,-451,32,-686,216,345
-249,1,1,611,-971,-75,-681,215,346
-252,1,-5,103,-392,-146,-683,216,346
-249,4,-6,22,-215,-108,-680,215,346
-247,3,-13,-84,-257,-147,-682,214,347
-250,0,-8,-64,-265,-140,-683,213,349
-245,0,-5,-22,-338,-150,-677,212,349
-252,1,-4,-174,-339,-177,-686,213,350
-254,-1,5,-115,-423,-268,-678,208,350
-251,-2,-10,-80,-109,-137,-683,210,354
-248,1,-16,503,-217,31,-674,207,352
-246,3,-20,400,-617,-54,-684,216,354
-251,-2,4,240,-1021,-199,-677,211,353
-246,-3,-8,233,-691,-96,-677,219,358
-250,1,-1,470,-915,53,-672,213,360
-252,2,3,510,-866,9,-674,218,362
-256,2,3,414,-612,-1,-668,215,360
-249,2,11,379,-488,5,-670,219,364
-251,-3,2,-9,-269,-48,-664,216,363
-253,-5,7,-165,-188,-92,-664,211,365
-250,-2,-12,225,-259,-29,-670,214,368
-251,1,-4,691,-1016,7,-662,214,367
-251,1,28,811,-1118,-16,-663,220,370
-252,8,-12,-203,-410,-58,-658,213,366
-250,4,4,-243,-258,-15,-662,221,371
-248,-1,-7,99,-533,-37,-655,214,373
-250,-1,10,595,-979,62,-659,222,377
-254,0,28,415,-701,8,-651,221,372
-252,-2,15,-21,12,-96,-656,223,377
-249,-1,12,-187,268,-62,-652,220,376
-250,0,8,-210,447,-5,-657,220,379
-248,1,10,-280,412,16,-657,216,373
-247,2,9,-376,508,-18,-658,215,374
-249,0,11,-694,769,-89,-663,216,371
-250,-1,0,-906,1028,-128,-657,208,369
-249,-7,5,-680,915,-124,-666,206,371
-248,-2,0,-485,1015,32,-668,210,365
-250,0,-9,-258,766,103,-673,209,364
-251,2,-2,-231,668,103,-670,205,359
-248,1,-12,-266,359,-4,-676,206,362
-250,-1,4,-126,97,-76,-673,204,362
-247,0,-5,-191,413,-42,-677,206,363
-251,0,3,17,338,9,-672,199,360
-249,0,-8,-117,583,37,-680,206,361
-251,2,2,-259,562,28,-675,203,353
-251,4,-9,-482,805,43,-677,205,356
-250,5,-13,-379,773,121,-677,200,353
-250,2,-5,-473,900,81,-682,201,351
-250,0,-5,-477,1188,140,-682,199,350
-249,-3,-9,-311,780,28,-688,196,343
-251,-1,-19,-551,1333,-18,-690,197,344
-249,-1,-28,-447,1358,-33,-695,197,338
-245,-5,-42,-74,813,75,-699,195,338
-252,1,-28,348,246,71,-693,199,339
-250,3,-35,130,156,-55,-699,198,334
-251,-2,-7,122,-209,-26,-693,198,334
-246,1,-24,-104,211,15,-699,201,335
-248,0,-18,-38,184,28,-692,195,334
-251,1,-20,-59,327,81,-698,197,333
-249,3,-32,-20,505,122,-697,201,330
-252,2,-19,15,252,62,-698,200,330
-251,2,-44,-40,244,-5,-693,195,329
-250,1,-6,274,-458,-80,-696,201,332
-248,2,-16,-145,204,28,-697,197,331
-246,1,-32,-143,448,65,-700,196,328
-246,4,-32,96,302,119,-697,197,329
-249,5,-36,251,98,88,-698,199,328
-250,5,-36,291,-492,-84,-699,199,329
-247,1,-37,376,-1027,-231,-692,200,333
-245,0,-59,720,-1545,-232,-698,199,333
-246,2,-30,1584,-3166,-235,-685,203,345
-249,3,5,1808,-3655,-286,-681,211,353
-250,0,36,996,-2468,-298,-672,206,357
-248,1,-10,555,-1270,-233,-676,211,369
-255,-2,26,463,-1117,-335,-661,204,363
-251,0,5,224,-495,-274,-669,210,367
-253,-2,14,128,-589,-309,-663,205,365
-244,2,-7,-210,-585,-335,-668,207,372
-248,-8,22,-246,-701,-373,-660,205,372
-249,-7,9,-328,-10,-277,-666,203,374
-249,-3,-1,-166,373,-77,-663,203,372
-247,-2,-8,57,15,-134,-670,204,369
-252,-5,14,8,-422,-187,-665,204,366
-249,-6,4,-121,-84,-140,-666,202,372
-250,1,5,-112,-30,-168,-674,204,376
-248,-8,-5,-333,234,-535,-667,197,373
-252,0,2,-467,90,-636,-676,199,375
-251,-6,3,-485,-9,-835,-670,189,374
-244,-9,5,-542,-10,-962,-675,185,377
-250,-13,5,-645,155,-982,-670,178,372
-251,-23,3,-904,14,-916,-682,177,377
-248,-16,3,-414,12,-534,-673,168,374
-251,-15,6,-193,55,-518,-685,170,379
-250,-10,1,-106,148,-714,-676,166,377
-249,-19,5,-314,250,-764,-683,167,379
-248,-21,-14,-232,330,-623,-679,158,373
-248,-22,5,38,60,-408,-682,157,378
-244,-12,-2,51,23,-145,-688,161,376
-242,-11,-5,-405,-81,-339,-687,154,376
-251,-20,7,-510,-45,-559,-690,154,377
-248,-39,17,-205,23,-487,-686,151,378
-246,-32,-14,17,201,-318,-691,149,379
-247,-24,9,298,19,11,-686,149,372
-246,-23,-3,-25,425,101,-690,155,373
-245,-18,-7,-40,225,133,-687,150,375
-249,-24,3,-207,52,89,-692,152,374
-251,-30,5,-198,-41,56,-688,148,375
-247,-28,-1,391,131,390,-691,156,374
-246,-21,1,743,122,680,-687,153,371
-252,-18,11,395,250,729,-693,161,375
-245,-19,-13,-98,763,800,-688,159,369
-247,-20,-8,214,406,1106,-690,167,370
-247,-13,2,519,187,1431,-688,174,366
-249,-14,-14,407,358,1538,-687,178,366
-253,0,-14,753,81,1626,-687,190,365
-247,-13,2,893,-348,1442,-680,190,363
-246,-3,-19,601,-206,1108,-679,197,365
-248,6,-11,671,-751,1272,-676,201,363
-249,6,7,478,-757,1150,-677,208,365
-251,-4,-9,-126,-341,906,-671,211,367
-244,4,-5,354,-560,1169,-668,215,369
-250,9,3,411,-509,919,-658,219,368
-251,2,2,171,-279,500,-664,227,371
-248,5,4,265,-142,259,-654,221,367
-249,4,-3,260,-20,352,-661,226,372
-248,6,1,232,195,507,-657,222,366
-250,7,8,-37,317,570,-658,229,371
-253,13,-5,-170,666,462,-660,227,368
-249,13,-4,-274,540,183,-663,233,365
-253,8,7,-159,465,33,-662,230,361
-252,10,-9,-224,716,78,-664,232,367
-252,11,1,-261,792,116,-667,232,357
-252,13,-10,-271,780,206,-666,227,360
-252,15,-22,-184,403,203,-667,229,357
-252,8,5,-295,252,5,-666,231,353
-249,8,-9,-493,895,13,-671,226,359
-249,4,-33,-253,952,173,-668,225,348
-249,24,-17,276,354,377,-672,232,353
-252,12,-5,-2,-98,-4,-668,226,351
-250,8,-4,-289,230,-120,-674,229,355
-249,13,-22,-253,773,12,-673,224,347
-248,20,-25,-127,653,68,-676,228,350
-252,12,-13,-136,336,-118,-677,223,346
-255,6,-3,-108,604,-23,-680,227,345
-251,8,-15,-96,1203,196,-679,222,339
-247,17,-31,-67,860,326,-682,230,342
-248,36,-49,26,466,182,-685,224,339
-252,14,-18,-137,-120,-157,-679,227,342
-253,6,-9,211,-192,-122,-683,226,338
-252,10,-24,291,258,154,-677,224,336
-250,22,-32,417,137,334,-685,231,338
-251,18,-28,133,-326,36,-673,227,335
-249,15,-29,-81,-480,-240,-682,229,336
-249,9,1,45,-530,-319,-675,226,337
-248,15,-32,-83,185,-151,-679,227,339
-252,18,-21,19,-295,-340,-677,225,339
-253,19,-3,-132,-304,-660,-685,227,344
-248,22,-29,-645,366,-976,-679,215,339
-251,8,-22,-771,106,-1224,-690,220,342
-252,4,-24,-594,237,-968,-687,210,338
-250,5,-17,68,131,-360,-693,203,345
-249,9,-33,70,61,-325,-690,201,339
-257,6,-19,-240,-309,-688,-684,201,341
-252,6,-14,-701,-277,-898,-688,198,344
-251,-6,-38,-676,-140,-1043,-686,191,344
-249,4,-27,247,-700,-700,-693,191,348
-248,4,-13,325,-933,-836,-691,187,347
-250,0,-21,-16,-807,-1033,-695,190,352
-249,-7,-19,-219,-869,-808,-686,181,355
-248,-11,-15,247,-1139,-453,-690,181,358
-251,-8,-17,692,-1169,-39,-681,179,361
-245,6,-31,1016,-1858,44,-687,184,365
-253,4,5,1169,-2283,-18,-674,180,368
-251,-3,20,49,-1085,-217,-677,189,375
-251,-3,-3,103,-595,-138,-669,184,376
-249,-8,-6,470,-775,-45,-669,189,378
-247,-6,-13,767,-1080,153,-666,194,379
-244,-2,-17,1129,-1940,138,-662,193,384
-248,-14,0,1074,-2799,56,-656,195,388
-251,1,30,1452,-3120,347,-644,202,397
-253,-6,63,719,-2077,403,-643,202,396
-245,-2,9,295,-533,542,-636,202,403
-248,-10,34,565,-727,648,-637,212,404
-247,0,19,476,-382,703,-630,215,401
-248,5,31,546,-495,752,-633,215,405
-247,8,18,154,-155,875,-627,218,401
-252,-3,42,-17,248,1027,-626,224,405
-250,5,3,250,791,1176,-626,225,401
-251,20,40,807,427,1068,-627,233,402
-249,7,1,213,692,377,-626,231,398
-246,11,8,900,151,469,-626,239,395
-249,-1,26,1438,-467,913,-625,239,394
-244,8,14,1517,-145,1373,-619,250,393
-248,17,34,1160,116,1723,-615,256,387
-248,30,16,898,997,1781,-615,265,384
-252,26,18,126,1034,1243,-617,269,384
-252,35,24,-546,1004,561,-616,270,379
-247,32,15,-870,1680,552,-620,269,378
-251,38,6,-797,1438,185,-619,266,374
-250,34,2,-1014,1291,-218,-625,268,372
-255,24,23,-1164,1235,-609,-630,260,371
-254,23,10,-971,2072,-626,-643,262,369
-249,22,-17,-985,2368,-663,-644,251,363
-254,12,30,-954,2041,-711,-654,252,359
-247,22,-6,-1231,3521,-657,-658,241,352
-244,26,-41,-1064,3327,-651,-672,240,340
-245,22,-41,-1352,2353,-585,-671,229,338
-249,26,-40,-890,1801,-628,-684,231,333
-250,21,-31,-713,1242,-743,-680,222,328
-250,14,-29,-839,950,-964,-688,220,329
-245,24,-37,-1095,990,-987,-690,210,327
-252,15,-34,-1525,987,-1272,-698,208,328
-252,-2,-60,-1039,348,-1152,-697,201,327
-248,9,-22,-157,-415,-819,-700,198,328
-248,12,-33,-264,-102,-795,-711,194,335
-243,28,-20,-765,121,-1102,-704,189,329
-249,7,-46,-1615,882,-1619,-716,176,331
-252,3,-42,-1536,452,-2050,-714,170,332
-253,-9,-50,-1221,342,-1665,-719,161,335
-247,-17,-31,-395,-233,-1262,-715,151,332
-251,-15,-32,20,-227,-742,-723,155,335
-250,1,-40,129,-300,-506,-714,148,334
-247,-9,-45,472,-766,-331,-718,151,338
-248,-7,-30,569,-1307,-325,-711,147,334
-248,-9,-47,730,-1468,-330,-714,147,342
-248,-9,-27,1101,-1947,-305,-707,150,342
-240,0,-49,1301,-1897,-359,-704,154,350
-245,5,-50,1700,-2710,-541,-701,155,359
-247,3,-18,2313,-3915,-635,-691,162,371
-252,-13,45,2310,-4858,-658,-680,164,380
-244,-10,-11,895,-2505,-393,-677,165,388
-241,-19,-8,1673,-3212,16,-667,171,399
-238,-16,-21,2629,-3793,586,-658,171,397
-237,2,-3,2793,-5054,1063,-644,189,414
-246,-17,46,2185,-5955,1235,-627,195,421
-243,-1,75,1536,-5333,2097,-609,210,440
-248,-26,98,182,-3777,2702,-592,211,444
-246,-7,101,221,-1734,4382,-579,235,451
-249,28,29,761,138,4886,-566,236,446
-248,38,57,2059,-595,3289,-562,259,451
-250,40,65,799,638,2042,-554,269,443
-245,44,27,567,543,1518,-555,271,441
-246,40,41,296,-125,645,-554,276,441
-250,34,78,169,224,392,-550,277,444
-248,27,66,22,1576,289,-560,275,434
-250,42,60,-348,2579,229,-559,280,431
-242,50,23,-641,3367,29,-578,277,423
-246,35,64,-1779,3973,-997,-580,268,419
-250,25,32,-2256,5506,-1166,-606,254,408
-246,-1,-11,-1415,5947,-1125,-613,252,397
-250,35,4,222,4931,-165,-642,249,382
-248,30,-32,-64,4459,-78,-642,249,373
-248,29,-11,-114,3625,129,-656,254,360
-245,27,-45,-130,3307,527,-659,249,347
-250,21,-34,248,2327,873,-662,257,343
-250,20,-44,149,1479,1278,-661,255,338
-255,43,-9,144,413,1822,-661,264,339
-249,55,-38,106,269,1676,-659,269,333
-245,57,-35,-66,84,785,-658,274,336
-250,46,-28,-342,-52,-114,-657,270,339
-251,46,-13,-475,169,-570,-659,270,338
-251,50,-16,-850,714,-898,-661,265,339
-248,55,-9,-1082,1244,-1351,-667,259,337
-250,29,-39,-1721,2035,-2146,-682,246,333
-247,27,-34,-2010,1924,-2280,-680,241,330
-247,22,-45,-2427,1633,-1965,-692,224,328
-247,23,-55,-2132,1307,-1689,-696,201,326
-242,12,-38,-1156,675,-1441,-704,202,326
-240,21,-50,-626,1178,-1124,-706,192,320
-245,26,-48,-396,977,-1045,-712,194,322
-243,31,-59,-857,819,-1491,-716,180,319
-244,21,-58,-1426,431,-2144,-722,178,321
-248,23,-58,-1965,528,-2943,-726,151,320
-249,-10,-54,-2292,-22,-3691,-733,147,324
-244,-1,-52,-1252,-669,-2561,-730,123,326
-249,-8,-44,-938,-823,-2187,-738,119,334
-252,-27,-38,-588,-942,-1706,-731,107,334
-247,-15,-61,-5,-795,-921,-736,104,337
-243,-16,-54,402,-1444,-613,-731,101,343
-248,-14,-50,873,-2077,-469,-718,103,345
-250,-14,-35,953,-2622,-535,-728,105,358
-247,-11,-13,944,-2648,-615,-710,104,362
-246,-22,-32,921,-2146,-122,-715,105,368
-251,-20,-35,2601,-2780,370,-698,111,371
-251,-2,21,2519,-2873,479,-702,119,381
-251,0,-9,638,-1331,103,-686,123,386
-249,-10,-19,-100,-1659,-408,-692,121,392
-248,-19,-6,77,-1781,-331,-682,118,395
-246,-31,-24,990,-2030,-130,-682,125,402
-235,-28,-59,2731,-2779,458,-666,131,406
-242,-4,2,4382,-4546,1051,-663,147,414
-252,-6,83,1724,-2887,1185,-643,161,425
-242,-23,3,1726,-1606,1365,-635,167,427
-238,-12,18,2400,-1986,1951,-627,177,429
-249,-2,42,3280,-1898,2711,-612,200,424
-258,-5,35,4302,-1635,3139,-612,214,431
-255,19,54,5172,-2022,3521,-592,241,419
-246,36,30,4762,-1355,3315,-589,260,422
-243,43,42,3858,-1318,3022,-571,280,415
-246,45,62,3024,-1259,2760,-570,291,413
-248,27,46,1536,159,2295,-559,304,407
-250,43,67,1427,830,2505,-560,314,411
-247,69,36,684,2159,2178,-558,320,397
-250,58,25,127,2300,1033,-562,328,395
-246,53,7,37,2158,339,-564,326,386
-249,53,16,-160,1645,131,-568,327,386
-250,46,30,-193,1492,9,-574,325,383
-245,58,26,-368,2024,-135,-580,319,377
-244,52,-4,-923,2485,-520,-588,321,372
-251,56,20,-1285,2294,-806,-593,313,365
-255,41,17,-776,2339,-1116,-599,310,370
-255,52,24,-919,3039,-1709,-610,297,362
-253,43,-10,-1022,3099,-2488,-624,292,356
-252,33,14,-1021,2766,-1632,-633,283,348
-243,45,-24,-962,3323,-1104,-646,281,341
-242,44,-21,-1378,2790,-1567,-655,268,334
-246,39,-24,-2657,2951,-2293,-667,266,332
-242,33,-40,-3281,3006,-2633,-676,240,326
-245,14,-48,-2105,2058,-2074,-694,227,330
-247,6,-43,-1512,1427,-1490,-690,219,322
-249,1,-47,-767,1039,-968,-699,212,326
-245,17,-40,287,595,-489,-699,209,318
-247,14,-44,224,629,-529,-700,210,318
-242,22,-63,-210,500,-610,-704,207,314
-244,22,-53,-560,-421,-861,-704,200,319
-241,21,-44,-892,-896,-1175,-703,198,324
