39,35,241,53,12,-79,-189,424,462
40,40,249,-16,-80,10,-188,425,465
38,36,243,99,5,-61,-182,420,460
40,40,243,68,-20,-24,-185,426,463
39,36,244,41,-50,-69,-184,418,456
40,37,245,50,-22,-25,-186,428,464
38,38,247,65,-26,10,-185,419,458
41,37,244,113,10,3,-188,430,462
39,39,245,22,-65,35,-183,421,458
38,40,244,31,-41,28,-187,429,465
40,37,246,42,-62,-29,-184,421,459
40,36,244,84,-19,-30,-184,429,466
40,38,241,97,-7,21,-185,423,462
40,39,245,19,-61,18,-185,425,459
41,37,248,102,-1,-15,-182,417,463
38,36,243,99,8,-42,-184,417,455
40,38,243,-0,-57,-1,-185,422,465
39,37,246,51,-24,-5,-185,417,459
40,37,246,54,-52,-10,-186,424,464
39,38,247,32,-56,-2,-182,421,459
39,37,243,127,-8,-11,-187,426,463
41,37,245,100,-26,27,-184,418,453
39,39,249,77,-58,26,-184,425,462
39,35,241,126,-15,-25,-187,421,456
38,38,245,18,-60,15,-186,424,466
39,36,244,49,-30,-18,-183,418,459
39,40,247,66,-44,34,-186,425,463
40,37,243,154,-17,-11,-184,420,458
39,37,245,103,-36,-19,-183,422,456
39,36,243,115,4,0,-187,421,464
38,39,243,80,-23,32,-184,419,455
39,36,242,52,-26,-13,-186,421,460
40,39,247,68,-44,-7,-186,418,454
39,35,244,124,6,-29,-182,421,461
39,39,243,62,-48,24,-186,419,459
39,37,248,98,-0,-26,-181,426,461
38,36,239,50,-10,-15,-185,418,455
40,37,250,-27,-89,20,-182,427,461
41,39,243,124,44,-4,-181,422,455
39,36,244,60,-19,-16,-184,426,464
39,38,247,42,-37,-31,-182,421,459
39,38,247,73,-11,-31,-186,424,461
38,35,245,150,7,-71,-183,420,460
39,40,242,132,-15,0,-184,421,458
40,38,246,57,-78,-20,-184,420,463
39,38,246,72,-0,-8,-182,423,460
38,36,245,103,11,-75,-180,422,459
39,35,238,142,46,-49,-186,419,456
39,42,248,10,-61,52,-184,421,462
40,38,244,120,29,-44,-184,421,455
38,37,244,138,12,-70,-185,425,458
39,38,240,130,38,-4,-186,423,454
39,41,246,-3,-58,27,-186,424,459
39,37,244,93,21,-74,-185,422,454
39,38,245,58,-8,-99,-188,425,458
38,36,242,109,31,-103,-186,423,456
37,38,243,41,26,-32,-187,424,461
39,37,249,33,-33,-33,-186,421,457
39,38,242,70,-12,-39,-187,423,458
39,37,247,91,43,-62,-187,423,458
38,36,248,150,47,-8,-190,424,458
40,41,242,158,128,-39,-182,421,456
39,39,244,72,77,-110,-190,423,457
38,40,246,66,88,-121,-189,422,459
38,40,244,137,92,-165,-188,425,454
35,34,243,124,187,-183,-190,423,459
34,32,244,11,120,-109,-192,418,457
37,40,248,71,5,13,-194,424,464
36,40,243,111,51,9,-194,421,453
35,35,242,117,52,2,-192,428,462
35,35,250,77,-22,50,-190,424,455
37,40,249,246,60,93,-195,427,457
37,43,238,332,126,42,-192,421,449
39,42,249,99,25,-11,-193,428,455
34,31,240,-41,177,-79,-192,421,454
37,45,242,-175,-123,179,-194,423,456
38,44,252,-35,164,-163,-192,421,454
46,49,250,65,307,-144,-196,424,456
30,15,230,603,563,-357,-197,423,455
32,60,246,-132,68,207,-199,428,455
32,40,252,30,249,-304,-204,425,459
31,30,230,39,425,-216,-198,427,454
33,49,263,-169,-129,-46,-203,429,462
31,34,248,292,414,-360,-203,422,454
42,73,263,-741,621,-737,-204,430,461
22,104,258,-722,1009,-1643,-213,423,453
69,176,236,355,882,-3129,-232,423,458
84,243,326,-620,-1082,-7516,-241,414,452
133,299,243,-881,-251,-10735,-284,408,462
159,393,225,-1269,1129,-14117,-314,393,456
270,481,120,3984,-31,-19295,-393,383,447
242,271,-134,6732,-2725,-30124,-442,358,434
335,345,-28,-2079,-7908,-30429,-518,266,466
416,-42,465,-7478,-10480,-32768,-549,192,484
421,-493,618,-1054,-2213,-32768,-564,61,508
159,-1024,461,322,1745,-26387,-586,-39,503
161,-53,206,-6942,3168,-698,-593,-51,498
113,205,79,-6797,1758,-4272,-600,-101,494
85,-50,97,-7501,774,-8799,-600,-127,488
71,-116,262,-8034,-354,-6642,-594,-185,488
56,-136,243,-3915,729,-3743,-591,-197,479
46,-113,167,-1737,214,-686,-595,-207,484
33,13,240,-2087,-2364,2142,-588,-206,479
22,86,323,-1871,-2379,1186,-582,-212,490
24,28,364,264,218,-338,-578,-209,483
41,-24,216,1245,1810,-709,-586,-207,487
48,-5,203,787,290,29,-585,-207,480
46,26,262,1356,-950,775,-584,-205,489
48,-9,267,1600,-625,269,-582,-193,487
43,12,280,710,-373,438,-583,-190,492
35,17,226,1951,736,394,-588,-177,489
36,12,214,1184,338,291,-589,-178,493
37,3,253,641,-124,393,-584,-172,492
32,37,242,830,108,547,-585,-172,489
29,20,238,596,76,84,-588,-166,494
44,1,219,1201,76,121,-588,-166,492
52,12,248,-190,-260,238,-587,-165,496
43,29,255,-136,-107,100,-587,-164,489
37,26,250,426,60,-13,-589,-164,495
37,26,243,321,92,-226,-586,-164,490
38,-7,256,198,43,-343,-589,-166,495
33,-2,253,-7,269,280,-583,-164,489
25,42,242,121,191,280,-590,-162,495
22,21,248,398,243,-281,-587,-161,486
26,0,243,451,374,-181,-595,-161,490
35,28,249,834,436,369,-590,-155,483
35,29,225,389,582,33,-599,-160,488
35,12,246,505,229,-141,-597,-156,488
32,22,254,334,-128,-56,-595,-158,486
32,20,247,124,-8,-68,-597,-154,487
26,43,247,-50,-136,-7,-597,-158,486
33,22,252,260,-102,-289,-594,-153,489
32,0,258,275,50,-344,-595,-157,488
31,30,246,148,215,91,-597,-154,491
33,20,236,56,306,-117,-592,-153,480
32,9,232,-21,195,-280,-598,-160,489
31,30,247,-32,-49,-4,-592,-152,483
26,10,242,513,128,-274,-602,-158,488
27,-3,239,341,23,-26,-596,-153,483
29,21,243,240,81,304,-601,-152,488
29,40,240,153,72,150,-599,-150,482
27,19,234,366,29,-103,-600,-155,486
30,7,242,288,-158,-39,-597,-150,483
29,29,266,-125,-290,273,-602,-151,487
29,43,272,-48,-24,187,-598,-154,485
30,36,236,292,407,-115,-601,-152,483
33,21,227,26,7,-237,-596,-150,486
32,11,254,-160,-141,-6,-594,-150,477
27,22,247,259,156,100,-600,-151,483
31,7,241,305,133,-100,-597,-147,479
29,23,252,156,136,108,-602,-150,487
23,32,250,105,116,202,-597,-151,477
24,32,232,428,282,13,-605,-150,484
26,25,238,314,61,-106,-602,-146,478
28,8,261,-58,-86,-79,-603,-150,484
25,44,247,84,115,181,-597,-145,480
28,29,243,272,13,-150,-606,-150,484
31,5,245,223,78,-202,-601,-148,480
28,26,237,83,132,113,-603,-148,485
25,36,259,-145,-104,57,-604,-144,481
21,25,246,123,126,-154,-601,-149,475
23,25,243,250,162,-116,-601,-146,479
26,26,245,233,147,-145,-603,-147,476
19,22,251,-27,126,-153,-601,-150,478
14,47,286,22,501,-276,-603,-148,471
16,32,249,197,1072,-715,-609,-149,476
18,13,249,150,1058,-667,-607,-150,466
21,7,259,261,1127,-445,-614,-151,470
34,-3,248,1133,1137,234,-618,-148,462
43,-36,258,735,1081,431,-624,-150,466
62,-119,301,1373,1257,1841,-625,-132,453
121,-373,396,2272,2343,3989,-638,-123,459
219,-365,370,4488,6431,13520,-656,-63,432
340,-460,338,2594,8391,19788,-683,28,398
504,-499,28,12733,10443,28651,-683,115,372
757,-365,-16,9639,9550,32720,-623,306,318
730,225,-139,-3356,7559,32720,-533,395,315
603,730,228,-12216,-1506,32720,-307,475,368
345,792,383,-15479,-3841,32532,-218,467,407
162,685,497,-12460,-4172,21445,-120,425,452
83,414,264,-3353,234,6440,-105,422,467
49,314,358,-524,-717,3316,-90,411,463
39,197,263,467,1154,871,-86,417,470
21,94,235,-55,1104,-34,-88,408,465
27,66,191,-1546,979,-105,-92,413,472
27,57,233,-1972,130,-542,-99,402,477
25,-15,206,-814,210,-1252,-103,405,485
48,19,277,-863,-366,-728,-100,395,481
45,3,281,-247,187,-955,-109,399,480
48,44,215,1112,321,-776,-109,398,476
29,-32,230,92,-138,-533,-114,406,482
36,29,250,-798,-528,336,-111,398,480
36,58,303,-78,-212,-281,-112,401,481
25,-3,173,300,1211,-775,-115,400,479
33,37,278,-172,-761,-384,-115,402,481
39,31,255,319,-118,-732,-118,400,479
35,13,247,360,452,-865,-122,402,479
39,45,265,-380,-96,-549,-123,400,482
27,-12,212,626,439,-1226,-124,405,474
37,4,241,-177,-142,-405,-133,409,484
33,5,254,-118,-150,-173,-127,397,478
37,33,249,-10,-172,133,-129,408,483
29,7,249,326,-117,-206,-127,401,479
30,10,214,15,154,-34,-128,406,484
35,45,263,-846,-369,229,-126,397,481
35,34,229,-74,-67,-105,-127,404,485
35,44,248,283,-371,-305,-124,399,478
31,-3,235,411,-286,-622,-130,405,480
35,21,245,243,-470,-149,-125,399,477
34,10,250,26,-268,-149,-127,405,481
37,28,219,-181,-268,-50,-125,399,478
40,34,251,-58,-576,-231,-129,404,481
37,13,268,287,-314,-379,-125,407,485
38,15,242,154,41,-179,-123,401,477
38,20,237,-120,-39,-15,-125,406,488
42,28,233,230,-161,-263,-123,400,479
38,10,256,106,-255,-446,-129,408,485
35,11,240,192,-63,-189,-124,403,479
38,26,246,-103,-140,31,-127,407,483
39,30,234,140,-114,11,-124,400,477
43,35,261,296,-311,-14,-128,402,484
36,24,241,669,-89,-267,-127,401,475
36,-5,237,747,-88,-583,-130,410,476
42,22,251,1,-226,-98,-127,403,477
40,27,244,-123,-50,101,-130,406,478
42,31,251,-54,-243,-115,-128,402,480
40,5,238,13,-60,-147,-128,409,481
41,11,250,-395,-120,161,-127,407,484
45,48,266,-326,-53,240,-127,403,481
40,14,237,211,258,-236,-126,405,482
40,30,231,45,145,-37,-126,404,477
40,17,242,-184,-124,-142,-126,407,485
41,26,261,-64,-125,-71,-132,400,479
41,18,251,119,314,-192,-129,407,483
39,7,221,-149,25,63,-127,399,479
41,21,269,-268,-139,201,-131,404,489
41,21,222,141,459,99,-126,401,481
36,11,229,100,196,105,-128,403,486
42,28,263,-400,-210,198,-128,398,478
28,28,249,41,53,89,-127,403,485
38,29,256,-131,161,-37,-127,396,485
43,16,299,-127,288,78,-131,398,486
64,-11,402,-606,1365,228,-137,399,489
93,-30,630,-1247,4100,1113,-138,393,491
177,29,997,-1292,9879,1671,-174,388,498
443,-113,1023,-322,21577,-53,-215,388,495
632,-272,446,6734,32732,361,-368,410,437
370,-28,-243,10697,32736,3789,-435,432,369
84,230,-298,6953,32552,4694,-514,466,272
-89,37,-345,7762,27048,-2606,-542,467,216
-112,-147,-248,12039,21751,-4438,-602,468,102
-30,-132,-125,15938,13859,503,-600,467,50
-95,105,-215,10592,13403,-1700,-601,469,-52
-175,163,-315,-777,10870,-5300,-615,442,-82
-242,113,-225,-5656,3097,-7118,-633,439,-79
-248,104,-28,-3912,-1283,-6987,-661,408,-62
-240,45,21,-3870,-478,-7842,-679,395,-52
-265,-63,-42,-5333,254,-7161,-705,367,-33
-250,-68,38,-2163,-1067,-3673,-712,362,-31
-245,3,-18,-926,-481,416,-709,364,-26
-247,-37,73,-2452,-1731,265,-708,365,-23
-246,-21,56,-1179,-671,909,-706,368,-10
-255,13,-43,-440,345,1336,-703,373,-6
-251,27,21,-2756,-1132,1135,-702,379,2
-251,-36,110,-3688,-1625,211,-697,375,14
-245,-23,16,-897,408,993,-697,383,17
-242,13,3,355,448,1816,-687,379,17
-250,27,16,13,86,1626,-684,387,18
-250,50,35,-73,-31,1426,-691,396,16
-249,23,27,1780,253,363,-676,392,13
-243,24,-17,882,468,342,-685,400,9
-244,10,17,-639,-334,-6,-681,393,8
-244,-5,35,144,-254,523,-681,398,9
-245,23,1,430,172,778,-677,399,8
-249,32,20,-297,-280,404,-682,404,9
-251,21,47,-589,-197,54,-677,400,13
-251,14,9,696,277,42,-680,404,9
-252,21,26,335,-15,129,-673,399,8
-248,32,3,-333,29,-3,-678,406,8
-249,6,13,-650,-498,165,-676,402,10
-246,30,50,88,-252,367,-671,401,15
-249,14,15,570,252,-34,-674,403,12
-251,18,25,597,43,-24,-664,399,9
-245,16,1,720,216,51,-679,405,5
-245,10,22,100,-65,-15,-671,402,7
-245,9,52,-623,-274,156,-674,408,10
-250,25,4,278,294,211,-668,398,7
-251,39,4,154,-76,189,-675,410,9
-251,17,28,-549,-284,-220,-667,408,8
-247,23,28,-819,-199,-71,-675,410,11
-249,10,34,-214,-56,-137,-673,402,14
-247,35,3,190,282,215,-675,411,14
-248,17,11,-73,-117,-40,-673,403,13
-247,12,36,-162,-311,89,-663,403,14
-250,24,18,224,16,309,-673,409,15
-249,26,11,-76,-167,135,-664,405,15
-249,13,26,-166,-318,145,-673,409,16
-250,15,21,10,-202,300,-660,409,18
-250,25,30,108,-142,305,-668,411,16
-251,16,15,649,7,334,-661,409,14
-252,31,-8,952,-241,595,-668,412,12
-244,25,17,1046,-890,536,-658,412,11
-241,29,-41,2182,-776,828,-665,420,10
-231,8,-109,2418,-1893,1066,-653,416,9
-224,-24,-180,7254,-5027,3736,-652,426,7
-158,-53,-418,12157,-6812,7326,-623,445,-14
-39,-50,-608,-2905,-12099,9085,-580,482,35
237,192,-531,-13781,-25670,11719,-547,494,104
500,282,-4,-19938,-32752,4591,-469,472,291
471,-68,436,-26991,-32752,-12928,-443,413,391
378,-265,686,-20179,-32149,-19860,-386,307,507
163,-364,1023,-8650,-28076,-16636,-343,270,543
-46,-383,1023,751,-19922,-10148,-301,273,551
37,-88,3,11233,3533,3296,-307,302,533
35,163,180,-443,-5117,1582,-288,318,524
8,27,432,3526,-4428,-3447,-280,320,532
7,-104,291,10761,-438,-3851,-284,354,498
18,-214,240,2976,25,-1693,-294,363,497
29,49,280,-888,-1013,2999,-277,362,493
25,90,297,1400,-851,1149,-278,376,490
6,-30,256,2017,94,-689,-275,371,484
6,22,263,3378,-117,1215,-276,402,472
13,15,272,7055,454,2660,-267,408,456
8,91,183,2260,923,1608,-261,425,450
6,43,239,-833,-297,-255,-259,422,449
12,30,219,-290,-302,310,-259,421,451
7,42,259,-679,-727,427,-256,415,452
8,48,267,-1094,-487,199,-256,416,456
13,70,230,-1019,-89,134,-256,410,460
13,1,242,-325,-152,-368,-256,413,461
14,12,205,-130,-706,280,-254,416,459
9,10,269,-1144,-1574,410,-247,408,462
13,71,286,-535,-799,607,-246,412,470
13,42,196,1240,90,-234,-238,407,460
8,1,236,191,-944,-494,-244,416,467
17,43,263,-329,-960,231,-237,406,462
18,50,309,104,-669,132,-237,411,468
24,40,257,871,450,-159,-235,411,461
23,12,212,747,697,-277,-243,418,464
20,43,240,112,-436,196,-239,409,458
18,19,236,448,-139,-163,-239,419,462
19,32,249,60,-325,187,-239,412,460
21,49,265,60,-133,45,-236,416,461
17,28,221,750,210,-193,-239,415,458
16,39,228,-21,-376,120,-235,419,458
21,71,265,-126,-449,7,-236,419,466
24,53,255,357,4,-755,-236,416,456
24,72,262,793,18,-824,-244,423,462
19,78,253,1379,269,-1522,-246,421,453
24,68,241,1367,316,-2240,-256,432,458
18,98,241,980,130,-2597,-261,423,445
14,152,334,-167,-183,-3300,-273,425,450
26,185,253,325,1434,-5189,-286,418,443
38,287,188,609,1771,-7475,-321,416,444
70,314,233,-992,695,-11344,-342,400,437
120,179,247,-1258,766,-16820,-416,371,444
110,196,178,-750,1441,-19584,-450,343,437
144,347,29,-6926,400,-22786,-528,264,451
230,361,-20,-11094,-2493,-25893,-581,134,487
305,218,449,-16441,-4647,-31394,-592,41,497
442,-448,784,-4835,1940,-32768,-604,-112,496
232,-1024,231,9664,13510,-30702,-624,-150,470
212,-433,-209,5117,10355,-1841,-659,-142,446
135,52,-103,4433,-765,3485,-649,-122,445
74,17,181,1016,-6215,106,-629,-125,471
53,17,476,-559,-5501,-1477,-613,-127,473
53,-138,319,1216,1339,-284,-621,-125,478
40,-27,228,-302,424,1842,-617,-120,469
5,116,224,-1221,-965,1474,-623,-122,477
9,74,336,-1188,-1687,55,-611,-118,471
15,-40,279,90,-242,-1458,-614,-123,479
18,-42,241,415,614,-581,-613,-126,479
28,23,199,227,128,302,-619,-125,481
26,54,206,-170,-190,166,-614,-124,482
30,8,269,-97,-732,-861,-608,-125,477
38,-57,263,409,-39,-602,-609,-132,486
36,-23,230,168,86,440,-612,-132,482
36,38,201,-348,-272,711,-613,-129,484
28,35,251,-161,-1027,227,-608,-130,484
19,10,282,163,-747,-136,-605,-126,486
17,-9,299,-102,-243,-356,-603,-130,481
27,3,258,-15,711,-180,-612,-133,484
33,19,200,66,925,-204,-610,-130,481
33,18,235,197,59,-494,-612,-130,484
25,-26,238,-16,-126,-561,-605,-133,480
28,-14,255,-139,28,198,-615,-133,483
28,40,261,-170,58,176,-606,-132,478
27,-14,295,96,491,-317,-614,-134,479
39,-44,284,387,1276,69,-614,-130,473
53,-79,262,1173,1762,1244,-626,-124,471
16,-355,408,2819,1631,3123,-632,-99,466
202,-524,378,7938,3514,8333,-644,-61,459
400,-482,326,10492,8267,20160,-666,51,425
425,-203,-137,5906,11028,28935,-668,119,403
338,94,80,-3726,3201,32720,-614,261,385
349,44,323,-1535,-1123,32350,-554,316,389
294,360,150,327,2815,32717,-437,412,390
252,795,137,-6763,1450,32702,-293,444,409
66,624,320,-4146,-2399,20360,-258,454,424
-4,293,150,-690,-303,5180,-239,452,422
-14,196,81,-1021,345,1826,-237,455,433
6,273,368,-3772,-3417,1605,-217,432,446
31,99,503,-2672,-481,-1917,-219,430,462
28,-5,137,1813,3044,-1588,-234,430,447
20,23,181,-781,-705,29,-235,434,456
18,18,301,-1953,-1461,-267,-227,420,454
17,24,294,-210,-173,-273,-229,423,462
25,35,246,1244,728,-71,-230,423,452
15,22,165,2193,514,60,-235,435,454
11,23,233,-1690,-1176,958,-225,429,457
21,112,304,-826,-901,795,-218,419,453
18,59,256,1127,34,-1097,-222,426,458
20,21,194,1602,242,-457,-222,428,445
7,-18,220,368,-332,-556,-222,432,455
26,94,293,-1925,-1262,860,-219,422,452
18,28,265,-1179,-351,-304,-220,423,464
18,29,246,270,319,-371,-217,420,456
14,0,221,498,261,-134,-226,427,462
17,19,214,-743,-250,630,-219,419,454
20,44,257,-1569,-656,848,-219,423,466
23,80,269,-907,-655,553,-210,413,463
16,24,265,779,-312,-338,-215,420,472
24,8,212,1492,167,-60,-216,417,461
17,8,222,-711,-316,253,-206,426,458
26,46,242,-1127,-820,891,-208,412,468
29,63,301,-1373,-840,483,-206,409,468
25,13,251,-81,123,-242,-206,411,469
27,27,264,564,203,-52,-207,410,466
16,7,352,620,969,200,-207,415,468
26,7,436,-255,3282,334,-215,408,466
37,-30,591,-557,6674,594,-229,413,468
106,-87,946,-3306,12186,2196,-265,400,465
366,14,1023,-2379,23803,4990,-308,404,465
486,20,394,2772,32731,2282,-426,412,392
213,1,-41,2541,32736,2814,-485,424,353
55,156,-173,-3661,29909,5566,-538,425,282
-111,199,-516,3511,24465,3391,-571,447,201
-156,127,-421,4812,14571,482,-582,454,168
-164,-89,-103,4553,4553,-2451,-597,455,139
-183,-38,27,2343,3245,488,-599,457,128
-199,75,-59,1941,4475,2495,-591,468,107
-228,61,-50,981,3192,1032,-589,470,101
-224,56,25,-860,1393,496,-586,471,99
-240,27,68,-816,548,379,-591,471,102
-243,38,5,1809,690,1248,-584,475,89
-243,85,86,598,-460,1523,-586,480,89
-241,101,123,-630,365,470,-575,480,91
-253,101,75,1427,1718,-231,-584,481,87
-248,100,-40,1401,1916,-690,-578,475,75
-240,70,21,-1556,-144,-884,-588,477,82
-239,34,135,-810,-396,-871,-586,470,82
-238,53,-4,2337,1542,-84,-589,476,72
-235,61,-33,1197,389,60,-585,476,67
-229,59,69,-1923,-1279,-60,-589,479,79
-234,41,65,-35,-54,-291,-588,471,81
-235,38,29,-384,-284,208,-588,476,84
-244,66,49,-1019,-353,91,-586,472,86
-247,68,52,-1215,-428,-143,-588,477,93
-243,65,71,-785,-466,-196,-585,472,99
-244,54,73,-916,-239,-530,-587,469,102
-243,41,32,-462,316,-482,-588,467,101
-239,57,40,-124,-8,-262,-591,467,99
-234,59,61,-362,-471,-202,-593,468,104
-241,44,80,141,-143,-234,-590,468,102
-237,62,33,574,154,-31,-599,474,102
-239,56,52,37,-334,-247,-590,461,104
-242,51,61,-461,-299,-322,-599,470,103
-241,50,39,-224,-104,-363,-593,463,104
-239,32,75,205,-452,-447,-600,469,108
-241,58,13,1151,128,-47,-594,462,100
-233,54,28,534,-583,-186,-595,466,105
-235,48,16,173,-1303,-296,-594,457,104
-229,46,19,1164,-1643,-284,-602,463,109
-222,62,-43,1932,-2436,-171,-595,458,106
-215,28,-28,1611,-3963,-395,-598,462,110
-207,17,-132,463,-5023,443,-592,457,122
-182,51,-229,-2969,-8996,1555,-575,465,154
-133,62,-160,-4668,-14721,1450,-552,468,221
29,67,-180,-2086,-18573,859,-526,462,246
99,141,-128,578,-25162,-1032,-484,464,305
273,249,80,5662,-30219,-1520,-440,461,323
291,73,606,836,-32080,-6270,-378,458,383
85,-110,1023,-3843,-27427,-8955,-349,440,402
2,-46,586,6199,-11574,-4185,-323,453,405
-1,119,151,8711,-4119,1032,-314,458,387
19,125,381,2527,-7439,929,-288,476,395
40,-76,1023,-10448,-9829,-709,-267,447,414
20,79,-50,6953,4912,910,-274,477,394
-14,91,101,-574,-2065,433,-271,475,382
-22,54,273,-2710,-2365,423,-267,472,397
3,86,293,-711,-1398,329,-263,471,404
4,31,278,-1052,-208,158,-261,469,404
14,91,202,-1326,186,793,-256,464,410
11,57,245,-685,-788,273,-252,460,409
12,75,283,-31,-808,437,-251,467,416
5,61,240,769,-5,-64,-251,462,411
2,49,259,277,5,-143,-252,468,411
6,62,204,-253,75,90,-253,463,407
8,64,254,-552,-459,-21,-252,464,410
3,65,235,-369,-250,88,-246,458,410
5,63,255,-565,-475,108,-247,466,420
8,42,231,-531,-15,-155,-248,455,415
10,52,235,-754,-244,90,-249,455,420
10,69,261,-740,-523,181,-242,454,424
9,52,250,-180,-272,68,-244,455,424
11,56,229,-63,32,19,-249,454,428
11,48,246,-324,-269,-41,-243,453,425
8,46,241,-282,-248,53,-243,450,427
12,63,250,-352,-262,192,-242,452,435
12,59,247,-196,-173,102,-243,450,433
12,52,248,-117,-182,-19,-242,446,427
10,45,242,45,-64,-147,-241,452,434
10,58,243,-87,-89,-95,-238,447,429
18,22,245,-66,-153,-304,-240,451,434
8,53,208,30,-74,491,-239,445,428
9,72,277,-980,-513,-117,-238,446,438
13,33,247,-646,-97,-276,-239,438,436
13,36,231,-171,2,124,-241,445,441
13,61,261,-445,-377,116,-239,436,440
25,39,249,29,76,-373,-238,441,445
10,34,221,-207,-77,98,-236,438,443
15,49,254,-910,-421,188,-239,440,452
18,38,238,-451,-19,-222,-238,435,448
15,50,250,-431,-233,-53,-238,435,449
10,44,244,-344,-134,-221,-237,432,447
19,37,237,-525,-98,-278,-237,431,452
20,27,220,-595,-391,-8,-236,427,454
21,64,270,-1583,-1108,334,-234,423,453
19,29,252,-762,-700,-85,-232,421,463
18,38,245,-516,-379,-46,-228,415,456
19,21,257,-485,-491,-220,-231,421,465
19,34,239,7,-153,7,-223,412,462
20,42,253,51,-373,-26,-231,421,467
21,36,260,228,-119,-123,-226,414,459
21,32,254,680,232,-201,-229,426,467
22,29,249,1176,395,-274,-227,419,459
22,29,225,1167,380,-306,-234,429,461
15,40,239,256,-132,-136,-230,427,452
19,54,247,-146,-164,-6,-234,430,458
18,48,249,-91,-128,-6,-231,425,454
18,31,244,-74,-44,-100,-232,428,457
21,37,254,258,-1,1,-230,423,459
19,22,222,-160,-143,-47,-227,422,451
18,47,262,-710,-583,102,-228,424,459
18,40,244,-326,-216,-100,-227,418,455
21,36,260,-96,-232,-36,-228,420,461
24,36,235,499,171,-167,-225,417,452
16,22,259,675,-45,-368,-232,427,458
16,34,215,791,75,-112,-229,422,452
22,51,257,-139,-282,265,-230,425,460
22,39,254,-91,-142,12,-229,418,455
23,34,245,141,3,16,-232,427,462
21,41,236,276,14,127,-226,420,456
23,37,245,-161,-251,72,-230,430,460
19,38,246,-135,-233,46,-227,421,459
18,41,257,-223,-246,92,-221,419,455
24,35,241,-34,52,22,-225,420,461
21,21,222,76,-70,96,-223,419,458
23,54,264,-587,-515,337,-221,420,463
25,47,255,-309,-138,-119,-222,411,457
22,4,237,39,119,-177,-219,420,464
29,36,238,-462,-443,543,-215,413,463
27,46,267,-21,-259,94,-219,419,465
25,26,244,239,149,-124,-217,415,461
26,36,225,266,87,159,-220,421,469
28,54,270,-472,-554,240,-214,413,461
27,26,243,-197,-173,19,-216,417,469
24,22,241,-47,-31,-35,-216,411,463
24,39,249,-118,-110,116,-213,415,462
27,34,246,-184,-73,-65,-216,409,462
25,33,241,-129,-16,-124,-214,408,465
24,18,249,-160,-122,-251,-211,411,469
23,29,238,-270,-126,0,-216,409,467
28,36,252,-441,-295,146,-213,406,471
29,37,248,-237,-129,29,-211,407,468
24,15,251,-71,-185,-87,-212,406,473
28,36,254,259,-7,19,-213,408,471
23,15,230,471,118,65,-213,408,475
30,45,244,-459,-328,319,-209,404,468
31,34,249,-245,-222,-108,-211,410,474
26,27,252,-133,-289,-189,-211,404,471
27,20,247,28,-95,-238,-213,409,478
23,23,241,-5,-21,-49,-211,403,468
29,35,250,-76,-129,113,-210,411,475
30,29,248,194,-40,-72,-211,404,469
28,30,246,280,36,-111,-215,408,471
28,27,233,70,-73,-81,-211,406,469
30,29,246,-32,-181,-112,-211,408,472
29,27,248,46,-138,-173,-210,403,471
26,27,247,45,-153,-119,-210,406,474
26,22,243,19,-59,-83,-211,405,472
29,34,244,-144,-88,76,-210,404,473
29,22,253,-88,-117,-68,-213,405,476
30,28,243,360,114,-87,-210,403,471
32,24,246,326,24,-186,-215,414,478
27,33,256,515,77,-196,-213,407,471
27,37,240,731,221,-286,-216,413,472
26,33,249,530,160,-347,-216,407,466
27,26,247,473,164,-394,-220,414,468
14,6,258,706,157,-302,-218,409,462
22,16,218,892,356,12,-221,417,464
33,62,253,426,-253,298,-219,416,460
32,47,259,561,-57,-296,-224,421,461
27,41,231,381,152,-149,-220,417,454
27,31,245,43,-79,-177,-225,420,461
23,25,237,-2,-104,-53,-222,417,459
26,31,237,-218,-284,171,-219,417,460
29,38,247,-432,-523,226,-221,420,469
9,-12,257,-513,-352,148,-212,419,464
71,141,311,-408,-576,1059,-210,419,470
