25,20,246,-54,-41,-3,-170,405,495
26,19,241,-78,-61,-83,-171,399,491
27,15,247,71,-115,-128,-170,398,491
26,11,249,33,-19,-4,-171,397,495
26,24,241,64,96,142,-168,402,488
24,19,244,262,3,-48,-172,400,494
28,15,245,385,-58,-132,-171,400,488
26,18,252,141,-79,19,-173,402,492
28,24,242,-191,-7,36,-169,401,488
25,13,245,-65,-70,-74,-170,402,493
28,11,251,27,40,65,-170,397,486
26,21,249,188,169,90,-172,400,495
23,21,240,322,146,12,-172,400,486
25,28,244,335,-8,1,-170,408,491
22,19,248,112,-13,-141,-171,400,487
24,21,238,-8,7,-150,-173,403,490
27,11,249,-31,-257,-218,-172,398,489
26,14,248,-217,-155,-16,-171,401,488
26,22,243,-418,-100,70,-172,397,491
26,14,245,-184,-145,-138,-171,400,491
28,11,245,275,-55,-140,-170,397,496
29,15,249,352,4,-39,-172,403,494
24,20,242,139,121,46,-172,400,494
24,18,239,23,17,-10,-172,396,487
27,11,252,200,-188,-73,-171,401,493
26,21,244,134,-42,65,-167,397,491
26,27,238,75,-23,-32,-173,401,494
26,13,248,11,-147,-173,-170,395,491
27,14,246,13,-83,-1,-172,402,496
24,19,248,58,-40,76,-168,396,493
28,22,243,101,23,-21,-171,401,490
27,15,248,167,-42,-97,-170,393,490
26,17,246,139,48,-33,-173,400,491
22,16,250,269,68,-11,-172,399,488
28,30,254,1212,248,106,-175,407,486
22,33,225,1126,187,-25,-173,407,482
22,10,249,840,-15,-259,-173,410,481
26,42,256,1750,107,-55,-174,409,477
25,20,249,2042,262,-524,-177,419,471
22,43,252,1902,365,-262,-179,429,469
23,33,241,1893,529,-390,-182,430,460
22,29,228,1731,528,-625,-190,441,459
16,27,235,945,178,-366,-188,434,451
21,45,248,477,-175,133,-189,447,455
21,38,261,759,-55,-86,-188,438,447
20,33,244,1179,362,-48,-188,447,451
20,44,231,1127,324,201,-188,442,445
21,52,254,971,-151,290,-192,455,443
20,51,265,1378,-27,145,-184,447,437
16,57,231,1807,558,-4,-189,463,434
16,64,220,2203,296,-116,-190,461,426
20,53,247,2161,-400,-404,-190,469,420
17,53,256,1916,-2,-114,-188,469,415
19,82,233,3461,-92,-111,-189,487,404
18,77,247,4262,-550,-874,-192,490,385
18,55,251,3525,-296,-1006,-196,505,379
21,69,244,2747,-0,-97,-196,515,368
21,115,231,3987,-137,153,-196,517,354
23,92,248,3807,-315,-746,-199,531,345
17,83,235,2077,200,-426,-198,526,336
18,96,228,1732,219,91,-201,539,333
18,98,233,2017,98,29,-196,530,323
20,102,223,2130,151,41,-199,542,319
18,109,228,1276,-140,188,-197,538,312
20,117,244,1366,-216,241,-196,549,311
23,121,227,1707,111,79,-193,541,299
20,121,222,2546,54,-47,-199,554,293
18,121,242,3283,-377,-299,-197,554,283
19,120,231,2947,-107,-318,-199,568,270
21,138,225,3053,201,-121,-200,570,260
18,137,222,3342,34,-419,-203,575,247
17,140,215,4106,-29,-621,-202,586,228
12,135,208,4000,-156,-669,-203,582,217
16,135,205,3649,-295,-288,-205,593,202
19,157,225,2778,-409,164,-203,587,192
21,170,217,2955,-121,55,-206,599,177
18,176,196,4636,-106,-367,-203,594,167
20,177,190,5922,-595,-755,-206,606,139
15,159,206,3860,-615,-408,-209,600,124
23,186,207,3289,-248,301,-208,611,110
23,210,195,5739,-225,-68,-207,605,94
21,193,187,4598,-35,-865,-209,615,68
14,179,170,2125,376,-498,-211,608,60
18,195,169,509,185,-7,-212,615,57
16,202,181,888,-67,-45,-212,613,55
14,197,170,559,205,-270,-213,613,54
20,209,165,820,195,2,-213,611,49
22,212,184,1411,-478,-230,-213,612,46
13,201,187,1559,-289,-544,-217,614,33
14,194,155,2180,81,-384,-217,611,32
18,229,155,4991,-659,-73,-218,610,12
30,247,162,9503,-1744,-576,-218,606,-15
15,237,168,10836,-1804,-1140,-228,607,-68
13,221,143,8584,-859,-1182,-229,588,-91
15,234,120,5898,-327,-567,-232,594,-124
16,255,105,4499,-144,83,-231,581,-147
21,252,97,6025,-865,-166,-234,576,-157
18,264,106,7890,-1325,-305,-234,560,-198
18,273,95,8473,-1194,-427,-237,560,-217
17,274,85,7196,-838,-626,-240,540,-245
13,263,72,4536,-148,-614,-244,533,-263
13,261,59,4906,-190,-259,-243,515,-281
13,275,52,4824,-315,23,-245,516,-295
16,291,61,4672,-364,22,-244,497,-314
16,269,42,3405,93,-365,-247,495,-324
14,263,24,3110,-31,173,-246,480,-333
16,286,40,1988,-179,398,-243,482,-340
12,269,20,1389,92,230,-243,477,-346
10,291,27,3603,-204,553,-238,458,-359
25,303,30,3879,-424,652,-239,461,-369
20,290,18,3412,-198,148,-241,444,-375
18,279,4,2656,52,-15,-240,446,-390
21,281,7,2907,-120,97,-235,428,-394
20,292,5,1141,20,154,-236,435,-402
22,284,1,177,187,-51,-233,429,-398
19,275,-4,956,19,69,-235,434,-406
24,294,2,1009,-159,319,-228,425,-405
24,294,11,246,-107,69,-235,426,-411
21,271,-6,638,178,-113,-234,420,-407
19,275,-4,1444,-90,231,-230,421,-412
21,297,1,2193,-220,484,-229,414,-415
21,282,-3,1252,-38,94,-228,403,-420
17,270,-21,1309,118,152,-227,409,-422
20,266,-20,2818,-443,578,-225,395,-428
30,303,6,2419,-451,817,-229,395,-439
30,311,-20,1108,352,239,-222,383,-434
27,289,-38,66,181,-145,-225,389,-443
29,291,-16,-266,-145,-101,-226,388,-437
24,277,-13,-78,-24,-302,-226,394,-443
23,285,-12,-357,46,-114,-224,386,-433
25,284,-17,-751,131,-127,-227,394,-439
23,281,-22,-420,110,-200,-226,392,-432
27,291,-15,-818,73,-54,-224,402,-437
24,293,-16,-629,153,-102,-227,401,-427
27,287,-8,-112,-55,-166,-225,395,-430
21,281,-6,-29,-81,-236,-226,399,-429
19,270,-18,-162,140,-240,-225,394,-425
21,273,-18,86,51,86,-220,400,-427
26,298,-4,206,-187,314,-223,397,-427
25,297,-10,407,-29,146,-229,401,-428
25,278,-20,618,-57,-118,-222,388,-433
26,290,-12,422,-145,145,-223,399,-430
26,303,-15,26,25,-78,-226,395,-430
20,272,-16,-474,102,-396,-229,397,-433
20,270,-8,-754,101,-61,-223,398,-425
24,288,-14,-183,128,222,-224,405,-431
29,303,-6,104,-42,167,-224,399,-422
23,286,-15,-148,106,-248,-228,403,-426
20,270,-17,98,-77,65,-223,401,-424
24,284,-7,720,-215,207,-225,401,-430
24,291,-11,1078,-128,161,-223,397,-427
23,281,-12,390,-68,31,-224,392,-431
27,294,-16,-502,170,151,-226,396,-431
29,290,-9,-874,133,-22,-225,398,-430
25,274,-16,-329,98,-165,-226,402,-425
22,293,-9,-350,45,162,-221,398,-423
23,291,-15,-852,265,87,-219,405,-425
21,274,-8,-1022,157,-133,-220,406,-417
22,271,-8,-697,86,182,-221,412,-419
26,300,12,-1640,141,480,-218,412,-410
30,296,-2,-1162,509,123,-216,422,-410
27,284,-4,-1960,527,-99,-215,423,-400
25,292,7,-1409,205,-16,-217,432,-398
23,273,6,-1444,261,-258,-215,429,-391
24,270,8,-1461,303,-41,-211,442,-390
28,280,11,-2666,447,351,-210,442,-380
28,297,7,-933,106,329,-205,451,-380
30,291,21,-1262,-70,43,-208,452,-376
26,286,28,-1658,236,1,-210,457,-369
28,289,6,-1595,541,80,-205,462,-365
24,277,13,-1172,-135,-77,-205,466,-356
23,274,36,-1281,-222,39,-210,470,-352
29,270,36,-2577,318,110,-202,473,-343
26,286,28,-2138,398,313,-205,482,-339
28,273,39,-1687,101,161,-202,481,-331
25,277,49,-1367,-101,279,-202,492,-330
28,284,43,-2536,457,435,-199,493,-317
34,278,32,-3695,709,430,-197,508,-311
28,294,57,-3008,44,468,-198,509,-299
28,272,57,-1726,-101,32,-197,518,-294
24,261,59,-1389,-140,26,-193,514,-286
22,269,67,-3120,91,338,-193,528,-276
36,279,76,-3613,18,633,-190,532,-263
34,285,73,-1946,86,175,-192,537,-255
20,260,79,-1901,103,-108,-190,538,-252
22,246,71,-3142,434,427,-186,552,-237
36,263,75,-2985,226,962,-183,549,-224
36,276,85,-4767,292,884,-176,557,-210
37,266,105,-4600,42,467,-179,577,-187
37,261,99,-2513,265,-87,-177,567,-182
37,254,106,-2510,134,-237,-180,582,-170
40,255,108,-2853,51,-298,-181,576,-160
31,237,120,-3948,196,101,-177,591,-142
36,239,118,-5046,730,241,-179,586,-125
39,251,130,-2799,288,-75,-181,597,-108
35,239,132,-1748,46,-61,-179,588,-102
30,244,140,-3049,333,203,-181,604,-87
37,246,134,-3842,548,394,-175,595,-77
29,230,136,-1327,-22,34,-178,603,-68
26,206,137,-1805,73,18,-174,597,-66
36,223,167,-6019,440,381,-172,610,-34
43,228,157,-4874,539,882,-170,617,-5
34,208,155,-4572,214,746,-168,612,9
37,205,167,-5505,242,790,-163,616,39
41,214,191,-5842,89,819,-161,612,52
39,210,194,-4472,100,368,-159,614,79
36,170,193,-6555,709,-155,-158,605,98
35,150,186,-9468,1152,235,-160,609,151
38,168,186,-9943,973,1125,-156,596,172
39,179,218,-5683,-310,1023,-149,594,203
38,144,228,-3427,-164,-120,-149,582,210
34,138,210,-2273,82,59,-152,585,226
36,134,211,-2429,-168,197,-150,577,229
43,145,226,-1835,-377,338,-150,581,243
37,145,230,-1183,-199,-21,-145,576,251
38,128,214,-2276,119,-33,-149,573,256
38,125,219,-3581,18,146,-146,564,272
37,117,232,-3628,-9,246,-146,562,281
38,106,230,-4858,296,381,-143,550,310
31,92,220,-8752,708,931,-145,538,328
41,110,228,-7123,152,1253,-139,516,364
41,97,256,-4185,-571,362,-140,507,374
35,65,245,-2408,-265,-432,-139,507,388
37,48,228,-3781,331,-269,-138,491,394
41,65,247,-3764,-85,566,-139,484,416
40,70,262,-2956,-301,574,-135,475,416
40,62,242,-2055,168,91,-136,472,428
36,40,234,-2240,266,-259,-135,459,434
36,38,236,-3169,211,129,-135,459,445
38,44,243,-3409,150,362,-136,441,453
44,45,253,-2976,49,270,-134,437,467
32,24,257,-3622,275,-56,-132,420,478
31,25,238,-4380,646,320,-138,414,486
42,26,241,-3470,319,436,-136,397,497
34,3,253,-3314,181,178,-138,393,502
34,3,253,-3239,343,243,-138,393,502
36,13,240,-2735,382,410,-138,376,514
37,23,250,-200,-86,-155,-135,377,515
32,3,252,893,102,-621,-136,385,511
32,-10,215,-615,318,-290,-141,383,513
34,4,247,-2187,-384,317,-139,374,522
37,12,261,-1089,-59,-16,-138,369,515
34,-7,248,577,108,-492,-141,369,523
32,2,233,386,189,-362,-143,370,516
38,18,243,64,-9,-29,-143,375,521
34,2,261,806,-333,-599,-144,371,512
34,-10,251,1623,94,-698,-144,384,515
36,11,238,1309,238,-234,-145,384,503
31,23,241,1498,46,-345,-146,393,507
32,18,231,1827,104,-654,-150,395,497
35,10,231,874,-94,-633,-153,398,500
35,24,258,-79,-378,-224,-154,395,500
36,26,248,435,-114,-393,-153,403,497
33,21,241,915,33,-727,-150,402,495
36,18,250,757,-101,-846,-157,401,495
37,18,250,282,50,-735,-162,405,494
37,42,258,249,75,-877,-165,399,488
39,35,261,696,392,-1517,-169,409,494
35,28,216,1520,496,-1902,-180,408,483
33,33,231,1346,-178,-2141,-186,414,486
36,17,242,634,-239,-2520,-189,412,476
37,20,245,1340,-230,-2414,-197,422,482
36,33,246,767,-188,-2064,-206,418,474
36,39,251,323,-9,-2026,-212,422,480
34,29,235,1083,82,-2446,-221,419,472
36,41,247,88,-124,-2038,-226,425,474
40,51,248,256,-32,-2320,-232,421,469
44,68,279,-383,-74,-2439,-244,423,474
34,20,234,807,734,-3554,-255,421,472
32,11,222,704,868,-3416,-275,414,466
37,4,240,790,145,-2661,-280,418,470
31,50,274,124,-407,-1655,-285,414,464
38,89,264,405,620,-1914,-289,419,468
35,44,231,1725,1047,-3728,-310,413,457
19,-10,213,1727,742,-3964,-324,418,459
24,45,231,549,8,-1959,-328,413,451
35,95,249,720,-158,-1892,-334,420,454
32,74,251,1588,75,-3595,-346,415,445
18,50,243,983,325,-4185,-360,420,447
33,65,247,260,331,-3674,-374,409,439
30,59,229,909,423,-4140,-388,409,446
21,52,244,809,-24,-4415,-406,400,437
29,42,249,1044,-124,-4096,-425,394,431
28,48,263,1162,-177,-3620,-429,392,432
23,54,248,1544,369,-3631,-449,385,423
15,48,249,998,362,-3474,-454,388,423
9,80,229,-91,705,-2760,-467,371,418
16,65,229,-222,163,-3261,-473,373,426
7,60,257,-430,-737,-3415,-482,359,421
15,81,231,-175,-339,-2899,-491,358,427
19,80,240,-405,-535,-3362,-496,345,424
20,54,242,8,-516,-4044,-506,342,430
28,36,248,-412,-488,-3958,-513,324,430
21,17,237,-918,-320,-3405,-524,317,430
16,57,253,-2346,-700,-1990,-527,298,435
20,68,249,-2110,-376,-1784,-533,289,448
18,44,273,-1066,-522,-2375,-532,279,446
21,33,264,-920,-40,-2310,-537,273,449
11,33,211,-407,933,-1794,-542,265,448
9,94,235,-1713,-113,-1514,-547,253,455
22,118,283,-1535,-63,-3129,-550,246,453
28,23,257,753,849,-5021,-566,230,447
6,3,236,-317,991,-4335,-571,218,449
4,46,231,-801,694,-2948,-580,205,447
5,71,224,-712,438,-3100,-586,201,446
12,18,222,-837,30,-4193,-594,182,445
5,-9,213,-1229,-339,-3926,-595,169,455
9,59,268,-2036,-949,-2336,-593,153,454
17,57,263,-631,-153,-3563,-600,140,465
14,17,238,-554,-111,-3736,-604,125,460
14,19,251,-292,-269,-3385,-607,117,463
13,43,245,-16,-58,-3156,-605,108,456
24,18,255,280,-157,-3565,-610,95,461
18,1,255,256,-55,-3683,-611,88,459
1,5,250,706,165,-3013,-619,81,457
10,37,217,516,275,-2003,-615,78,454
15,30,246,459,-601,-2421,-620,74,457
9,23,260,615,-280,-2334,-612,70,460
10,52,235,-219,29,-2041,-615,62,455
14,26,247,182,-192,-2600,-619,58,457
14,3,255,339,-12,-2447,-624,47,456
15,27,251,104,296,-1565,-629,46,462
3,35,242,314,387,-1407,-624,43,455
16,35,217,-424,405,-1537,-628,37,457
10,38,239,-512,-202,-1773,-624,33,453
22,49,255,-548,-398,-2519,-627,22,457
12,2,254,-318,-129,-2445,-622,11,457
14,32,245,-833,-55,-1746,-632,3,462
17,44,250,-831,76,-2038,-624,-4,450
16,43,243,-1210,70,-2674,-633,-15,461
15,10,256,-242,-28,-3179,-623,-19,455
8,10,248,173,282,-2651,-635,-31,460
9,31,220,29,234,-2393,-628,-38,453
10,6,236,125,-494,-2920,-631,-49,458
13,6,266,-734,-694,-2556,-623,-52,457
8,-13,252,78,-122,-2259,-626,-62,461
7,-3,241,136,14,-1254,-629,-68,463
12,28,243,21,-73,-521,-625,-68,457
8,61,244,-293,-76,-691,-628,-71,469
16,27,260,-85,-112,-1735,-623,-74,460
15,-24,264,422,72,-2074,-628,-82,460
12,3,239,647,605,-870,-626,-79,453
5,37,220,119,327,-140,-631,-78,458
11,23,253,66,-150,-657,-624,-83,453
13,3,250,222,187,-487,-632,-86,458
8,20,220,212,108,60,-626,-84,453
8,34,259,-83,-455,-40,-630,-84,459
8,12,246,355,-58,-310,-627,-82,452
10,26,233,-1,-120,-38,-631,-80,460
16,30,257,-185,-454,-123,-628,-83,460
13,15,258,-65,-158,-321,-630,-87,457
10,17,241,-80,202,-77,-627,-89,460
9,11,232,-3,4,53,-627,-88,458
12,34,232,-337,-498,46,-629,-85,463
13,16,256,-269,-481,-208,-623,-89,461
13,9,249,-199,-238,27,-628,-89,462
13,40,258,-146,-222,411,-624,-91,461
16,26,233,-153,56,54,-628,-91,466
13,-1,243,186,-132,-403,-625,-89,455
11,26,245,-218,-261,123,-627,-88,466
14,17,244,-174,-236,78,-622,-88,461
15,14,240,-284,-330,112,-622,-90,466
19,24,258,-462,-477,116,-622,-94,466
18,8,259,-35,-111,-14,-620,-93,465
15,11,236,10,329,215,-622,-92,465
10,17,227,-232,56,362,-622,-93,464
12,24,244,-754,-339,348,-616,-92,467
16,20,254,-648,-500,-4,-620,-96,467
20,10,247,-486,-287,-190,-620,-99,473
19,1,244,-499,-164,-17,-619,-97,467
18,8,254,-197,-97,226,-620,-103,469
17,9,241,-235,14,278,-618,-100,466
16,23,242,-514,-114,189,-620,-104,468
18,15,247,-508,-192,-96,-617,-103,467
20,1,256,178,-117,-201,-620,-103,472
18,2,244,434,217,57,-615,-102,465
14,16,230,68,86,237,-620,-106,471
16,9,254,-44,-151,-83,-617,-102,466
17,9,244,-2,13,-91,-619,-105,469
20,1,240,-28,42,-84,-615,-105,466
19,-2,251,330,7,159,-624,-103,469
15,14,255,552,143,508,-618,-99,470
11,18,225,521,459,419,-621,-101,467
13,13,227,167,3,101,-618,-96,469
17,2,268,-353,-598,37,-619,-100,468
14,-7,261,-56,-177,119,-616,-99,471
14,-2,232,498,510,909,-621,-98,463
14,5,218,370,212,1322,-624,-91,472
4,49,230,-464,-495,1170,-621,-89,465
15,8,265,-179,-832,-120,-618,-89,469
15,-23,249,324,-305,261,-611,-86,466
20,34,237,-323,-185,1083,-618,-83,474
20,18,247,-90,-319,310,-611,-84,468
18,0,237,52,-172,116,-619,-85,476
20,8,258,75,-338,448,-609,-86,470
21,25,279,263,296,391,-613,-83,474
13,3,282,666,1116,102,-616,-82,466
13,-1,242,1002,1931,430,-627,-77,469
2,25,209,277,1254,787,-623,-69,458
17,26,308,201,677,167,-633,-72,461
11,-31,250,1640,2585,242,-636,-66,452
8,-1,287,742,2611,1777,-645,-63,448
-13,57,242,1254,3241,2806,-657,-47,432
-11,93,189,1582,4237,2328,-670,-33,410
-17,38,197,649,2572,-417,-676,-32,409
-17,-12,238,44,1401,-760,-676,-35,398
-17,10,272,-207,1122,130,-686,-39,404
-18,48,232,44,1836,316,-686,-36,393
-25,32,236,-94,1505,-382,-693,-34,393
-26,15,274,-198,1284,-569,-691,-38,380
-33,13,244,322,2196,-491,-702,-41,381
-39,27,222,514,2570,-389,-703,-40,366
-48,48,271,38,1762,-546,-713,-39,368
-35,38,294,579,2783,-1256,-713,-44,352
-32,-11,222,1521,4174,-1539,-728,-45,349
-59,-2,179,772,3259,-369,-731,-47,332
-51,71,273,-163,1866,-54,-737,-45,317
-56,14,295,1007,3283,-1553,-746,-50,312
-59,-30,198,1956,4640,-1120,-754,-48,292
-71,15,205,1021,3515,318,-761,-48,281
-82,79,252,132,2929,599,-761,-44,268
-75,21,220,1756,3952,-1290,-772,-43,264
-86,-18,182,1080,3085,-202,-777,-42,241
-94,41,251,621,2782,317,-785,-38,232
-103,50,160,1310,3839,-32,-782,-40,216
-113,44,215,240,2466,-322,-795,-41,213
-103,44,278,-126,1899,-506,-788,-43,199
-107,16,189,915,3592,-874,-804,-45,193
-120,16,172,1220,3504,-602,-799,-46,171
-126,49,197,441,2244,0,-810,-45,171
-129,69,214,-86,1809,-377,-803,-46,160
-128,35,248,549,2206,-1276,-810,-51,144
-127,2,158,1252,3301,-1176,-810,-51,136
-127,49,193,130,2062,-339,-815,-54,126
-134,65,235,-86,1973,-772,-816,-57,122
-135,23,201,404,2913,-1558,-816,-64,107
-150,29,208,132,3015,-1234,-821,-62,101
-143,39,182,-78,3351,-1050,-821,-68,84
-154,6,140,687,3358,-1462,-825,-72,75
-158,38,201,-182,1992,-943,-817,-79,60
-164,38,210,-1,2845,-1327,-827,-85,59
-160,10,184,433,3525,-1475,-823,-95,36
-163,9,137,360,3413,-888,-830,-93,33
-164,33,164,-94,2559,-660,-823,-98,18
-172,20,194,-172,2798,-993,-827,-104,1
-177,12,144,220,3349,-790,-823,-103,-4
-178,15,190,354,2677,-451,-828,-107,-23
-187,17,186,434,2856,-229,-823,-103,-29
-193,44,137,827,3865,17,-821,-104,-52
-187,14,126,691,3520,-578,-819,-108,-55
-202,1,115,840,3152,-465,-821,-107,-76
-198,45,166,62,2391,226,-818,-109,-80
-197,17,166,408,2918,-371,-814,-112,-97
-204,8,91,1304,4050,-405,-816,-110,-103
-205,40,107,739,3278,123,-808,-108,-122
-200,38,203,-90,2266,-151,-809,-110,-128
-202,20,124,1246,5423,-864,-802,-117,-151
-222,-9,10,1293,4898,-534,-803,-117,-178
-228,46,87,-70,2273,229,-791,-117,-183
-228,48,152,-251,2484,-465,-796,-117,-195
-206,-12,90,477,3771,-1179,-785,-122,-203
-223,-15,75,732,3242,-76,-781,-124,-218
-229,50,85,327,2713,735,-772,-122,-223
-228,37,84,484,2428,-118,-773,-124,-235
-237,7,107,548,2366,-497,-766,-124,-241
-241,21,69,747,3075,37,-764,-125,-256
-240,24,49,925,2620,-30,-757,-125,-262
-245,41,72,655,2065,-97,-753,-127,-274
-239,3,59,850,2123,-587,-750,-132,-275
-243,20,66,580,1948,-161,-746,-134,-285
-231,17,59,777,2151,43,-746,-132,-300
-238,30,45,1245,2418,-3,-735,-133,-300
-237,37,30,666,2338,13,-734,-140,-313
-234,3,85,381,1608,-415,-724,-139,-313
-236,16,25,537,3116,-50,-723,-140,-330
-244,35,7,168,2611,-55,-713,-137,-333
-249,12,50,-279,2040,-252,-710,-140,-345
-242,27,41,-399,2491,220,-699,-136,-346
-236,19,38,-315,2890,103,-697,-139,-365
-244,12,-5,-582,3357,187,-685,-139,-365
-248,35,-39,-1283,3074,464,-679,-128,-381
-258,32,48,-2050,1565,146,-674,-122,-379
-251,23,32,-1679,2064,99,-667,-120,-394
-250,7,-7,-1153,2864,21,-661,-113,-396
-249,5,-50,-1234,2083,707,-657,-109,-410
-254,23,41,-1567,1256,1005,-650,-104,-411
-249,15,49,-1227,1183,1041,-654,-104,-416
-244,26,3,206,2755,1186,-642,-97,-417
-243,67,-66,-410,2356,679,-638,-95,-431
-256,18,-5,-1156,811,-318,-633,-95,-425
-255,24,-15,-644,621,103,-631,-91,-430
-258,30,-7,-534,112,216,-624,-89,-427
-254,42,3,-454,-328,80,-636,-86,-431
-255,19,31,-406,-332,-145,-628,-83,-426
-253,18,-29,237,521,73,-635,-82,-431
-249,33,-13,-148,-90,436,-634,-87,-429
-238,22,5,-637,-365,434,-636,-81,-433
-251,34,-55,-938,99,524,-627,-78,-426
-253,61,-19,-1638,-900,652,-635,-68,-427
-253,30,61,-1775,-1491,-40,-642,-65,-421
-253,19,-10,-672,269,-246,-641,-61,-425
-255,38,-28,-338,71,205,-638,-60,-427
-255,46,5,-19,-212,39,-633,-59,-425
-255,45,-1,387,202,-211,-640,-60,-427
-251,35,-5,310,207,-431,-635,-63,-427
-247,19,-3,311,269,-427,-639,-65,-431
-248,22,0,301,467,-175,-635,-65,-427
-246,22,-19,368,593,16,-638,-69,-431
-252,43,-29,172,272,236,-628,-69,-431
-243,32,-7,23,-198,-79,-634,-67,-436
-249,21,28,327,238,106,-629,-64,-422
-247,31,-23,616,723,116,-633,-70,-434
-250,24,-31,178,89,82,-631,-70,-431
-252,32,-12,-181,-361,237,-631,-69,-434
-252,47,2,-281,-193,131,-631,-64,-429
-252,28,-22,84,261,-184,-632,-64,-433
-255,33,-19,125,-32,-131,-631,-67,-434
-254,45,2,23,-370,-52,-634,-66,-435
-249,20,23,-279,-585,-169,-637,-67,-429
-246,29,-44,213,531,33,-632,-67,-432
-252,33,-24,-164,-307,50,-633,-62,-431
-246,32,24,-308,-532,103,-634,-62,-432
-249,26,-18,52,463,79,-635,-63,-430
-252,44,-42,-6,328,160,-631,-65,-430
-252,29,4,-382,-464,-104,-636,-63,-432
-251,27,-14,-14,-64,-89,-629,-61,-427
-246,33,-17,79,-115,124,-635,-62,-433
-252,41,-12,-224,-361,106,-634,-55,-424
-250,21,-17,-521,-674,46,-637,-58,-430
-242,15,14,-189,-598,300,-638,-57,-422
-246,28,-43,-321,-233,815,-637,-52,-427
-256,57,-11,-1148,-1359,796,-639,-47,-415
-255,58,3,-1109,-1279,219,-645,-45,-414
-252,30,-29,-779,-1178,-292,-653,-42,-410
-254,40,20,-1029,-2049,-81,-656,-42,-409
-253,44,32,-758,-1383,-259,-658,-38,-398
-248,27,-25,-119,-654,-430,-659,-39,-402
-246,16,-41,-167,-922,-386,-659,-39,-391
-250,66,54,-1131,-2305,148,-669,-37,-394
-250,23,45,-443,-1226,-713,-665,-39,-380
-248,30,-36,128,-52,-514,-675,-38,-391
-242,28,-43,-374,-1363,-465,-670,-40,-379
-251,48,-27,-1263,-2810,-573,-683,-39,-379
-254,31,151,-1851,-4894,-741,-693,-37,-354
-248,19,0,99,-1630,-1042,-703,-40,-356
-242,16,-44,408,-1184,-820,-701,-44,-345
-254,0,-29,-799,-4579,-694,-718,-44,-341
-243,45,54,-1707,-6594,-277,-727,-40,-309
-242,38,192,-1538,-5923,-837,-743,-40,-299
-227,-9,74,-39,-2543,-1112,-749,-46,-279
-220,-22,-29,-5,-2638,-455,-753,-49,-276
-230,36,41,-828,-5136,555,-760,-43,-253
-231,73,188,-1720,-5761,361,-771,-41,-231
-223,-9,66,-64,-2652,-1223,-778,-45,-225
-210,-15,104,-522,-3290,-481,-776,-45,-211
-219,-6,63,274,-2426,431,-787,-46,-205
-232,67,38,-908,-4153,574,-789,-43,-185
-217,29,144,-914,-4716,-893,-800,-46,-170
-213,-21,197,-508,-3223,-409,-797,-44,-154
-205,8,95,546,-932,6,-809,-43,-154
-216,6,35,233,-1983,225,-800,-45,-145
-218,53,160,-908,-4053,230,-811,-41,-135
-203,-2,163,-1340,-4326,-774,-809,-45,-111
-206,-11,156,-217,-2749,-850,-821,-46,-105
-202,29,103,316,-1924,-192,-815,-50,-94
-200,25,95,407,-2949,-661,-818,-53,-80
-184,-3,201,-236,-4177,-832,-821,-54,-73
-190,-17,175,762,-2514,-618,-819,-58,-58
-189,26,74,935,-1573,-40,-826,-60,-50
-193,31,133,-238,-3453,-504,-823,-62,-35
-190,21,239,-293,-4139,-942,-829,-66,-24
-177,2,181,1004,-1844,-1249,-822,-71,-18
-170,-9,69,1576,-1322,-1199,-831,-72,-18
-174,6,140,665,-3600,-922,-823,-80,-2
-176,0,176,413,-3904,-821,-830,-84,11
-171,4,174,288,-3646,-543,-823,-80,28
-165,-11,154,613,-3681,-435,-831,-87,39
-159,12,166,-94,-4147,-74,-822,-90,58
-151,18,194,-577,-4430,-307,-830,-89,76
-151,-19,201,199,-4076,-611,-816,-91,92
-140,11,154,367,-3657,-52,-818,-92,110
-151,21,195,-714,-4987,-92,-814,-92,127
-127,-6,245,-276,-4659,-465,-808,-96,145
-121,-2,212,56,-3469,-11,-806,-97,156
-113,1,189,-498,-3853,24,-802,-97,175
-107,-10,214,-836,-4418,105,-801,-97,186
-114,11,247,-701,-4780,389,-790,-99,206
-92,31,212,-1245,-3909,688,-790,-100,221
-98,-28,258,-694,-3857,-350,-777,-97,234
-90,-16,209,-327,-3017,-45,-779,-99,243
-83,4,200,-412,-3092,642,-771,-97,255
-82,0,254,-566,-3530,449,-772,-97,265
-86,2,234,-785,-2929,633,-757,-94,275
-70,-24,219,-491,-2923,468,-757,-100,292
-77,4,203,-1161,-3013,945,-745,-92,296
-62,-2,229,-1780,-3575,734,-743,-97,315
-49,-47,169,-1374,-3590,600,-734,-97,323
-41,-46,166,-2063,-5460,1451,-722,-95,348
-28,8,289,-3486,-7608,2579,-704,-100,366
-28,2,316,-2225,-5912,1468,-689,-98,389
-7,-14,241,-1702,-3584,1329,-677,-100,396
7,-70,196,-1414,-4330,961,-668,-99,412
7,-77,296,-2156,-4764,2332,-657,-101,422
-4,-39,309,-2153,-2926,3302,-645,-95,429
-11,-8,253,-1113,-1120,3310,-647,-94,443
-9,-22,250,-5,-357,2552,-647,-83,435
-1,-44,204,771,137,2352,-648,-68,441
-1,5,193,353,-546,3208,-645,-63,433
4,-23,263,-86,-1782,2135,-646,-49,448
1,-57,283,230,-1286,1847,-638,-47,441
0,-46,252,615,-396,2759,-641,-37,449
-7,13,229,5,-163,3514,-635,-28,446
1,7,239,35,-336,2435,-637,-20,451
4,-77,180,1092,-114,979,-631,-16,450
-1,-67,183,732,-1337,2029,-631,-7,454
-6,0,301,-998,-3570,3713,-617,-1,460
-4,-5,308,-694,-1656,2988,-611,8,468
-8,-43,252,377,-303,2770,-604,10,469
3,-70,218,1082,-146,3492,-602,30,470
11,-69,182,1245,-507,4753,-601,51,478
19,-14,234,139,-2187,5819,-588,60,474
18,-23,328,-110,-2447,5267,-584,81,485
-6,-59,252,-810,246,5392,-577,85,482
-16,41,134,-2283,536,7008,-575,104,490
5,12,217,-230,-2838,5702,-560,110,491
9,-95,320,1918,-3102,5611,-539,138,505
10,-82,263,3633,-1247,8331,-522,157,498
42,-57,250,3900,-507,9794,-510,205,499
41,-24,243,1587,-187,10267,-490,221,492
24,52,252,-1149,-74,9793,-469,251,498
26,74,248,-228,-59,7588,-451,257,494
3,15,236,1259,-156,4384,-440,274,498
-8,-61,216,367,-70,2757,-433,285,497
7,-55,248,572,-797,4059,-422,295,494
-6,15,250,2491,-924,6445,-399,318,495
-17,52,235,1797,-472,6526,-382,326,492
15,64,205,1682,-93,4749,-367,346,492
12,0,231,1879,-849,2448,-354,350,484
-6,-21,259,1803,-1162,2062,-348,362,484
-4,1,249,461,-758,3380,-334,361,480
4,36,236,1034,-755,4024,-320,376,480
18,42,258,2491,-1221,3394,-306,378,473
1,11,217,2249,-617,2087,-297,394,471
5,15,234,418,-944,2981,-285,396,462
22,62,292,1220,-1030,2922,-270,405,466
6,58,265,1874,271,1231,-268,403,456
-10,17,191,1216,575,876,-267,415,457
1,18,231,-202,-867,2022,-255,417,458
8,64,283,-362,-942,2453,-247,415,463
15,49,268,662,1,1517,-242,419,454
10,-42,233,867,239,1230,-240,418,456
9,15,220,-537,-781,5913,-211,425,461
25,125,260,-319,-1559,4189,-199,425,458
21,18,272,702,-1283,1086,-181,424,460
12,-28,251,66,-249,1345,-186,425,458
15,44,218,-608,-4,3490,-170,425,466
15,99,221,-243,-726,3643,-160,422,463
22,52,249,1306,-1369,1791,-148,432,462
15,6,266,2007,-1382,746,-138,427,452
22,52,233,1524,-520,1747,-132,442,451
40,47,262,1137,-735,1418,-123,436,443
34,-4,307,1192,-253,1344,-121,440,443
32,2,268,589,1345,2936,-111,441,441
18,73,209,351,1743,4085,-105,443,444
20,112,232,667,879,3118,-91,440,440
25,72,239,924,728,1145,-95,447,437
21,25,238,639,537,625,-94,446,437
12,30,250,-99,122,1576,-86,448,436
15,81,242,-475,210,2293,-77,444,440
15,65,229,92,193,555,-74,440,437
16,17,243,44,-312,366,-73,445,438
16,13,249,-708,-134,1182,-75,438,441
12,67,251,-1398,41,1666,-67,435,449
15,95,221,-1144,91,789,-64,425,446
16,25,270,-563,-571,-591,-64,432,452
20,15,242,341,-186,-608,-64,429,447
19,47,240,-17,140,-12,-68,433,453
20,66,249,-362,-188,6,-66,426,446
16,27,254,220,-111,-940,-67,431,453
22,37,245,466,-124,-565,-70,429,450
19,18,255,493,-304,-610,-73,433,452
27,51,257,-270,-105,0,-73,430,446
19,42,263,-263,82,-304,-71,433,451
14,24,229,219,525,-473,-77,431,450
17,38,232,74,209,-138,-76,434,450
15,46,264,-464,-119,-5,-75,431,452
15,46,229,31,578,-327,-80,425,446
12,21,232,106,76,-596,-82,428,450
14,26,250,13,11,-13,-79,422,449
20,67,239,-158,51,181,-83,431,456
16,59,250,26,-140,-647,-85,424,446
14,8,250,223,-14,-1072,-89,432,455
15,35,239,-138,73,-231,-88,426,451
16,55,244,-35,-105,-298,-88,435,459
14,37,250,135,-138,-861,-93,428,452
13,24,239,334,92,-673,-96,432,455
19,50,243,-212,-167,-459,-95,430,450
15,46,242,95,100,-1203,-99,436,456
12,77,224,-166,-2,-1690,-108,430,451
8,131,263,-258,-611,-2825,-115,426,451
36,198,317,-903,-621,-5066,-126,427,458
60,59,222,-416,794,-10091,-179,423,458
15,-59,177,-581,1911,-14022,-213,425,461
2,48,264,-4583,-146,-10989,-259,392,472
22,150,295,-3767,1330,-10685,-287,382,489
42,137,245,920,2459,-14573,-344,358,478
60,40,207,4718,1909,-18166,-385,356,475
92,52,263,4831,364,-18350,-450,329,451
89,54,300,6690,3,-19096,-488,318,449
116,51,278,7269,1004,-19988,-551,277,420
64,52,288,1135,2585,-21280,-589,243,418
21,82,260,-2406,3592,-19972,-634,154,406
57,95,137,-1119,3744,-18911,-677,75,392
82,-24,193,-766,-785,-20181,-682,23,395
42,-194,303,-1132,-1000,-15712,-682,-44,397
25,-163,199,-1549,410,-8756,-684,-68,395
-18,-82,175,-3933,-1023,-3914,-680,-95,401
-13,-17,245,-4658,-2448,-1419,-673,-107,406
7,-25,324,-1316,-1634,-1356,-667,-116,404
-21,-55,272,293,694,-1066,-672,-119,409
-22,-12,224,230,1075,522,-671,-114,401
-29,42,231,-67,75,1309,-674,-113,407
-30,45,248,-128,-245,-29,-673,-108,402
-21,-29,240,396,-125,-1155,-679,-113,405
-16,-26,241,121,-118,-143,-670,-113,403
-16,-10,250,-355,-321,550,-673,-115,409
-17,1,227,-44,-67,689,-668,-109,404
-18,30,221,-0,-295,695,-672,-109,408
-4,11,292,-384,-1039,175,-667,-110,409
7,-48,262,814,-66,-511,-671,-106,409
-20,-12,202,-87,645,1478,-670,-105,406
-25,70,184,-233,-301,1507,-672,-100,407
-21,24,249,76,-1746,-633,-668,-100,412
-3,-12,291,543,-1282,-598,-666,-103,413
7,-17,256,556,-143,-440,-664,-103,415
-1,-13,242,297,68,94,-664,-100,414
-14,11,239,140,-74,561,-665,-100,416
-4,43,229,-154,-289,460,-663,-95,416
-1,-15,261,33,-670,-593,-666,-102,422
-4,-33,270,91,134,647,-656,-98,419
-5,12,241,146,524,1134,-666,-93,418
-16,24,210,-471,60,530,-662,-96,416
-12,2,255,-515,-554,18,-665,-93,419
-9,-6,253,-4,-405,-63,-656,-94,419
-7,5,251,90,-149,192,-664,-97,421
-7,2,246,55,-13,141,-662,-97,420
-11,6,231,-292,190,221,-660,-94,417
-12,10,240,-404,-49,127,-660,-94,421
-9,-1,230,13,-112,-207,-662,-99,421
-8,-3,256,132,-434,-15,-656,-95,420
-12,7,258,-108,-118,182,-660,-97,421
-9,5,227,138,240,-15,-668,-98,424
-8,6,226,585,-175,-120,-662,-98,417
-7,2,260,606,-556,-163,-662,-94,431
-2,-5,258,431,-155,-163,-659,-93,423
-11,-4,240,555,287,22,-665,-94,425
-15,32,260,112,304,62,-659,-90,418
-17,16,247,551,953,-751,-670,-91,419
-16,0,245,715,825,-949,-662,-93,412
-26,14,331,-414,1122,-581,-669,-98,417
-24,42,389,-120,3868,-861,-672,-97,403
-6,-1,308,2192,7528,-1999,-703,-104,377
-23,-40,254,2753,9052,-1627,-710,-98,353
-33,1,391,1431,9377,-158,-743,-96,316
4,21,421,1781,13184,-600,-780,-94,506
4,-34,356,2950,20714,-1702,-797,-95,194
-8,-13,185,5559,25777,-480,-830,-91,67
-126,151,-337,8163,28420,427,-829,-92,-10
-191,146,-204,7371,15941,-2580,-826,-105,-92
-179,-8,319,-446,2770,-5710,-816,-118,-99
-129,-56,325,-1609,6975,-5088,-812,-150,-138
-155,-96,55,1318,14046,-3647,-790,-155,-174
-189,-83,-94,3000,13881,-1114,-771,-170,-236
-256,64,-96,3126,9669,1391,-757,-162,-257
-226,121,168,-932,2453,279,-752,-159,-276
-230,2,293,-202,5512,-1395,-744,-159,-281
-212,-46,-65,2507,10537,-307,-720,-163,-325
-256,-2,-242,1799,6825,1200,-704,-167,-339
-247,98,39,-1518,-951,1565,-706,-157,-348
-240,38,230,-1207,-273,-562,-703,-156,-352
-241,-19,56,361,4977,-788,-692,-155,-360
-250,33,-86,146,5693,495,-679,-155,-384
-262,77,-58,-971,2856,422,-673,-150,-388
-243,6,-6,-339,980,-1452,-671,-154,-393
-250,-18,-3,-1109,-54,-187,-666,-151,-393
-244,30,115,-1626,926,31,-669,-148,-397
-260,22,-39,-211,3248,-10,-660,-146,-400
-255,58,-137,-21,1108,-427,-661,-152,-411
-243,-10,54,-1108,-2419,-1281,-656,-149,-399
-241,-20,76,-1199,-2155,-936,-669,-150,-396
-243,33,107,-1149,-831,392,-667,-144,-391
-254,14,-42,-709,1744,53,-667,-140,-402
-253,36,-60,-593,674,201,-661,-138,-406
-253,8,2,-572,-734,-311,-663,-137,-404
-253,4,22,-492,-628,-113,-663,-136,-400
-249,9,36,-473,-216,193,-666,-134,-403
-250,29,15,-541,412,343,-666,-129,-400
-252,27,-20,-802,516,163,-661,-127,-404
-247,21,-25,-576,41,-94,-662,-128,-405
-247,10,44,-352,-723,-237,-660,-126,-401
-251,22,37,-361,488,10,-666,-125,-403
-250,4,-25,-52,877,-146,-658,-124,-403
-252,23,7,-437,-27,223,-665,-121,-407
-255,33,37,-334,339,-14,-661,-122,-401
-248,5,-46,-15,902,-363,-658,-120,-410
-248,6,-30,-230,-365,-93,-654,-120,-407
-251,31,37,-550,-698,26,-660,-120,-409
-247,7,4,10,181,-386,-655,-117,-405
-245,3,1,-38,93,-129,-662,-121,-408
-252,16,-2,-113,128,187,-657,-117,-404
-254,35,-6,-276,-133,-73,-659,-117,-408
-247,0,37,-125,-377,-406,-657,-121,-404
-247,12,7,-92,332,-40,-660,-123,-409
-249,21,-31,-94,546,156,-657,-113,-407
-246,15,13,-351,-366,-40,-657,-115,-409
-248,1,28,-162,-350,-165,-659,-113,-409
-248,9,-12,110,420,136,-659,-115,-409
-254,31,-11,-37,231,316,-661,-115,-407
-250,14,29,-262,-228,-130,-655,-111,-404
-248,14,-4,-226,510,88,-659,-113,-408
-245,11,-34,-169,197,14,-655,-108,-405
-253,17,44,-529,-714,169,-659,-105,-411
-254,22,14,-302,414,178,-656,-104,-406
-249,17,-51,68,720,43,-657,-108,-411
-250,6,11,-134,-567,-21,-650,-104,-405
-248,29,25,-342,-349,217,-662,-102,-413
-249,11,-15,-160,220,1,-656,-102,-407
-251,1,-19,-192,-495,118,-658,-103,-411
-257,29,4,-369,-816,435,-659,-98,-407
-254,29,-9,-88,-794,-122,-663,-98,-407
-254,12,-33,-453,-1446,-169,-666,-97,-401
-260,15,-81,-473,-2387,-46,-671,-98,-386
-270,33,-134,-1041,-4948,17,-689,-92,-375
-252,-12,79,-2068,-8135,-853,-704,-95,-345
-250,-38,-109,608,-5895,-1511,-721,-100,-331
-210,1,-279,-282,-10293,482,-734,-99,-291
-78,-12,-293,-3243,-19061,279,-768,-100,-251
42,-115,12,-7539,-28957,-352,-811,-91,-118
91,-147,192,-9568,-31285,847,-834,-91,-35
55,5,365,-9372,-29741,3092,-815,-75,119
13,71,445,-5991,-25052,1540,-806,-77,183
-19,-36,434,-1460,-19221,-1081,-760,-88,276
-24,5,329,601,-13871,-258,-749,-91,312
-25,50,305,521,-11109,-50,-711,-88,355
-14,-98,380,1999,-8626,-1948,-683,-96,389
-15,-76,299,-37,-5620,1712,-676,-91,404
-10,53,251,-1245,-4870,2305,-655,-84,420
-5,2,328,172,-4481,342,-649,-87,433
-1,-49,284,1107,-1935,282,-640,-80,437
9,-24,150,815,-774,1023,-644,-77,443
9,-47,176,306,-2792,1277,-625,-77,450
0,42,310,-2526,-4314,2128,-622,-75,460
6,37,297,-1498,-2503,684,-611,-77,466
19,-28,301,740,-331,-532,-614,-80,471
20,-21,273,1024,1208,-68,-612,-76,460
16,9,193,616,979,-492,-620,-73,466
10,-39,255,-251,-546,-639,-607,-77,462
19,-6,294,-510,-628,243,-615,-81,467
18,-38,279,-31,282,209,-611,-80,463
16,-35,262,147,1072,757,-619,-79,459
12,-23,248,288,1522,1464,-622,-71,457
29,-77,251,852,1899,1578,-631,-63,447
14,-104,270,359,2593,3590,-636,-57,443
32,-168,203,2230,3172,6211,-646,-26,432
7,-122,151,4181,2191,10850,-652,3,428
47,-93,220,5410,126,15279,-642,80,419
61,-87,260,-804,-108,18121,-634,116,422
72,45,205,67,660,20853,-601,194,420
41,78,134,3234,956,19656,-584,242,419
47,49,135,-1413,-701,17862,-528,298,418
88,-13,268,-3446,-4550,16546,-455,340,447
39,-24,370,-4797,-4695,17857,-409,353,460
73,81,279,-3918,-1457,18359,-330,372,486
54,120,215,-4190,-1297,14865,-294,373,490
40,81,214,-2346,-2363,11906,-235,370,502
9,76,293,-2979,-3358,10639,-204,368,511
17,130,305,-4007,-2136,9514,-163,352,520
9,125,263,-1999,-1018,6441,-153,346,522
2,65,244,543,-1359,3610,-132,345,522
8,40,248,747,-1161,1578,-124,351,525
16,26,297,917,-1399,61,-116,351,517
24,-11,340,602,-626,-912,-116,356,518
8,-69,217,1522,1870,-1019,-125,361,513
23,-13,195,984,1089,1434,-128,365,512
-4,-2,254,1510,-523,2056,-116,366,505
0,53,254,2066,-363,2152,-108,373,508
12,67,251,2842,37,1126,-105,378,495
3,-2,241,2207,408,-908,-115,396,492
5,-15,234,937,132,-26,-115,387,486
7,45,276,665,-18,541,-114,395,486
-1,31,238,1210,935,-456,-113,395,484
0,16,183,487,742,-532,-119,401,487
6,17,245,-78,-794,-428,-114,395,479
13,4,276,-299,-532,-445,-115,400,488
10,9,254,-776,334,70,-120,395,482
5,31,243,-663,332,369,-120,396,487
1,26,230,147,193,-100,-120,393,487
-2,20,207,264,-312,-340,-120,392,485
9,40,226,-427,-1054,-530,-117,399,491
13,7,281,-629,-939,-875,-119,391,488
10,4,273,-231,2,-395,-122,398,493
9,27,239,152,296,-348,-121,391,489
8,21,242,488,-62,-669,-127,398,492
9,31,282,941,-469,-857,-123,393,484
22,39,266,2193,-100,-1064,-130,410,482
20,44,249,3864,338,-1554,-131,410,471
18,29,276,6318,-9,-2298,-141,440,453
13,78,289,9432,96,-2505,-150,449,433
23,88,239,13799,462,-4082,-168,495,382
4,128,230,18375,-572,-4885,-180,512,339
3,107,254,20273,-1461,-6092,-206,563,250
-6,115,247,21619,-1448,-5939,-237,597,142
-10,140,174,21696,-51,-4459,-247,599,85
4,189,152,24621,-630,-2971,-262,596,-52
4,232,137,32706,-3408,-3414,-267,568,-139
-9,253,133,26721,-1722,-3601,-291,509,-279
-5,242,77,12657,2411,-1203,-288,482,-307
-18,313,0,14911,2824,-565,-278,445,-372
-35,255,-39,10126,2737,-2086,-278,414,-393
-34,208,-51,9677,1212,-1234,-279,381,-436
-25,248,-12,7962,-32,798,-275,359,-446
-23,302,-15,2620,1014,1747,-266,355,-458
-17,316,-56,607,1647,1184,-255,350,-455
-10,303,-41,-1397,296,-183,-255,356,-457
-22,263,-26,378,241,-346,-253,356,-458
-29,259,-33,1435,283,61,-254,354,-462
-11,284,-24,781,199,711,-251,349,-463
-6,315,-17,986,226,897,-248,345,-465
-13,293,-39,1098,554,22,-247,347,-467
-14,277,-45,-227,700,-195,-242,345,-470
-17,256,-47,-283,401,-187,-244,346,-468
-12,275,-18,424,-140,383,-240,343,-469
-9,295,-18,509,144,584,-240,349,-470
-5,276,-48,950,589,326,-238,338,-466
-4,304,-46,-580,673,648,-229,344,-474
-7,306,-27,-990,383,209,-228,339,-465
-16,263,-28,-175,355,-326,-227,347,-473
-15,270,-32,142,390,127,-225,346,-465
-11,289,-47,-469,553,460,-222,354,-470
-5,281,-41,-323,145,135,-220,350,-463
-6,278,-13,44,-361,30,-224,352,-466
-9,284,-29,-1107,623,398,-215,353,-463
-10,291,-49,-2254,615,412,-222,358,-461
-12,278,-30,-1768,-45,139,-216,371,-450
-9,268,-17,-2945,158,420,-216,374,-447
-7,290,0,-5513,780,838,-212,398,-425
-9,259,-2,-9568,1688,1001,-204,412,-409
-9,303,36,-12925,1827,2004,-190,465,-356
-2,293,53,-21262,2494,1438,-184,497,-308
23,252,83,-32752,3811,-711,-176,582,-129
1,194,120,-24030,718,-1142,-183,598,4
8,185,191,-15509,-1855,-303,-189,611,45
1,157,213,-16414,-1841,-298,-192,592,130
2,132,219,-15766,-941,-49,-190,594,170
2,113,219,-17051,-214,531,-185,561,252
2,127,241,-14516,-326,1362,-187,549,290
4,126,231,-10999,-327,1160,-177,516,337
22,107,225,-7930,-656,-195,-177,513,358
9,64,246,-11541,-866,-2280,-185,473,406
12,37,259,-9336,-550,-2024,-188,463,429
3,28,265,-12219,414,-1811,-198,417,469
-3,47,271,-11538,1235,-1761,-204,397,491
5,52,261,-8852,2075,-2840,-223,349,519
6,-4,226,-4459,2158,-4429,-248,326,526
1,-51,218,-3153,1162,-4359,-259,319,540
0,-75,243,-2020,52,-2930,-261,304,537
-7,-68,263,-497,-528,-750,-263,309,543
-3,-44,246,900,-79,1641,-256,312,530
2,-58,226,2798,-416,2930,-255,324,541
1,-48,239,2955,-665,4381,-233,331,527
7,57,232,243,-299,3337,-229,339,533
3,16,250,273,-599,778,-222,336,523
1,-39,251,-91,-516,-547,-220,340,532
-2,-28,247,-719,-160,186,-221,334,528
4,22,246,-1065,-102,1252,-220,331,537
7,6,238,-172,80,365,-217,335,534
1,-30,233,346,-145,-729,-219,332,529
0,-36,251,-50,-407,161,-218,333,531
1,-31,246,-354,-184,827,-212,330,531
-5,-19,231,-786,-115,1391,-213,330,535
3,-5,216,-219,-524,1472,-202,327,532
-2,-66,236,-502,-998,941,-202,327,538
7,-61,253,-1960,-842,2679,-189,317,539
12,3,247,-3082,-77,4103,-181,308,554
14,-2,246,-5284,407,2587,-172,282,559
10,-12,255,-8370,1213,1212,-170,273,575
11,0,267,-12163,2285,-1044,-183,212,596
1,-42,255,-14241,3356,-3237,-193,174,614
-13,-120,166,-11625,2917,-3478,-215,106,626
-11,-174,143,-9950,292,-1840,-218,81,640
-8,-156,190,-10688,-1928,367,-213,19,642
1,-132,216,-11397,-2230,864,-199,-45,649
2,-160,193,-11921,-1347,-35,-197,-80,650
3,-194,156,-13749,-187,-741,-191,-152,641
-7,-227,167,-14109,-596,-388,-191,-198,639
0,-209,153,-16190,-49,724,-189,-280,615
1,-172,121,-12772,1355,1480,-195,-318,606
2,-176,64,-11643,2214,85,-203,-378,578
-5,-244,72,-11512,1549,-1619,-202,-412,570
4,-248,21,-11571,1775,-1127,-213,-459,532
4,-210,1,-8004,1541,52,-216,-483,523
3,-252,-7,-7670,1013,-736,-215,-514,499
-8,-291,10,-3322,-253,-106,-215,-533,490
-9,-223,30,576,271,1488,-217,-529,481
-4,-169,-45,-610,1372,1023,-228,-535,482
-4,-203,10,-6621,726,-909,-227,-545,467
-8,-245,-15,-5992,1319,-1426,-224,-575,451
1,-245,-42,-4758,1187,-577,-228,-579,436
-6,-222,-56,-5818,600,24,-228,-605,413
-5,-207,-51,-8645,67,-275,-226,-619,393
1,-224,-39,-4955,-457,-792,-223,-633,377
4,-258,-73,-3137,-56,-668,-219,-641,368
-10,-238,-67,-4823,-586,408,-218,-654,352
-7,-188,-44,-2207,-534,177,-219,-664,345
12,-207,-49,3303,564,-948,-217,-655,351
6,-287,-99,3345,433,-1172,-218,-654,360
3,-229,-29,-439,-1015,411,-211,-648,362
3,-216,-37,-999,-457,662,-217,-658,361
5,-239,-72,776,555,-154,-213,-649,360
7,-243,-77,1868,485,-194,-218,-648,372
2,-228,-50,299,-383,59,-214,-641,370
4,-218,-46,875,-25,-30,-216,-641,373
12,-238,-77,1929,208,-364,-215,-637,374
6,-259,-58,1674,-572,-324,-213,-634,386
3,-232,-51,277,-631,414,-215,-631,383
3,-207,-49,1063,-629,572,-215,-632,388
0,-230,-30,1287,-723,-170,-211,-628,389
5,-248,-40,987,-174,-369,-212,-623,395
7,-249,-54,1772,-120,-2,-208,-625,397
2,-241,-37,148,-340,180,-207,-619,404
4,-233,-35,48,-116,115,-212,-626,407
3,-240,-42,305,-33,71,-210,-619,406
2,-237,-37,-152,-156,154,-210,-623,408
2,-222,-31,230,11,151,-210,-615,401
2,-242,-44,726,167,-151,-212,-621,409
2,-236,-39,839,29,167,-210,-609,405
5,-220,-46,2229,94,186,-213,-611,415
3,-245,-46,1462,-717,-331,-209,-602,416
3,-240,0,2867,-519,-29,-208,-601,431
20,-233,-12,5863,296,-81,-210,-586,435
25,-224,28,10552,292,-656,-210,-551,477
-4,-232,62,16807,576,-1762,-208,-514,497
6,-247,63,16095,1502,-1923,-211,-442,552
-8,-229,82,19017,1354,-1654,-217,-348,601
-9,-257,51,17333,1890,-1396,-222,-304,611
-3,-244,138,14618,167,-164,-222,-221,635
23,-157,176,19831,89,1966,-219,-162,639
22,-117,152,19465,1419,274,-234,-55,649
9,-130,154,17916,975,-1421,-238,-1,641
15,-119,195,17654,-29,-1610,-241,98,630
6,-67,225,19446,-574,-1987,-239,148,614
-1,-121,167,13712,324,-2647,-248,222,588
-2,-71,207,8546,-1185,-285,-244,238,575
17,30,271,8786,-2513,668,-235,286,560
10,17,257,12264,-1446,-1696,-231,311,537
10,-19,237,10651,-544,-2343,-240,361,510
30,3,238,12723,-1259,-1817,-240,407,473
22,-16,239,9127,-1152,-1118,-243,425,457
11,-8,212,3152,-854,841,-232,437,444
23,32,218,-775,-1449,2427,-224,440,445
35,57,241,-837,-1732,1963,-215,437,453
38,-22,260,-1915,-1732,724,-206,426,459
42,54,292,-3165,-1503,2221,-192,417,472
37,80,247,-496,-20,1834,-186,415,467
41,18,231,-1978,-13,683,-179,414,479
43,38,257,-3412,-454,1335,-172,406,478
39,32,258,-2085,-503,991,-173,400,495
39,12,251,-2475,-246,591,-168,389,492
44,17,260,-2184,-308,800,-164,385,505
43,29,264,-1727,-82,785,-157,373,509
36,11,241,-203,233,247,-162,374,511
30,-9,222,-217,301,-178,-162,373,507
33,13,241,-468,-188,239,-164,374,512
33,13,251,-324,35,-29,-164,367,515
32,19,234,-496,365,-234,-163,369,514
15,50,241,-392,135,-841,-167,364,516
35,39,256,750,28,-2331,-172,366,515
35,31,216,3739,247,-3550,-186,380,505
29,47,201,4701,-675,-4291,-196,387,495
55,70,236,4933,-1856,-5454,-209,408,482
66,120,296,4145,-2622,-6353,-215,410,474
87,83,310,7332,-1289,-10170,-251,433,454
64,5,286,6048,330,-10133,-293,439,425
61,59,221,581,1623,-7613,-320,444,429
25,54,197,-5873,1887,-7047,-353,401,445
33,78,157,-10297,1836,-6727,-377,382,468
50,61,175,-5799,-286,-7616,-398,338,480
71,-12,285,-4501,-2378,-8692,-412,319,496
60,-25,286,-3298,-1803,-7915,-430,285,505
52,60,228,-3872,-40,-5735,-438,272,515
45,92,267,-3201,-755,-6830,-450,235,521
28,76,300,-3275,-322,-8268,-463,220,530
63,122,210,-1544,956,-9314,-484,179,530
100,8,191,1585,-178,-12424,-496,166,528
75,-110,296,-260,-1692,-12104,-505,129,531
57,-19,322,-3208,-376,-7442,-509,96,526
73,84,258,-2106,1750,-6106,-525,79,531
120,81,240,829,1947,-8453,-536,53,516
77,-126,297,5664,1095,-10867,-544,50,519
58,-88,279,5412,2377,-5967,-553,55,500
45,49,262,2399,2817,-3967,-565,51,500
25,39,280,3226,2952,-4481,-578,50,482
25,25,320,6617,3345,-4411,-593,57,481
43,42,281,10090,5861,-4722,-613,78,447
15,62,146,8000,6405,-4967,-635,81,432
-2,44,203,7723,3119,-4641,-648,90,409
16,101,318,7015,1530,-2585,-656,98,397
38,130,338,10362,3592,-2302,-663,122,375
1,123,239,10839,7228,-3979,-687,131,326
-38,118,131,13207,7854,-4744,-706,147,304
-56,152,128,8476,6124,-4230,-724,150,258
-55,158,231,5605,3900,-3912,-739,150,249
-53,87,256,6354,4749,-4944,-749,132,211
-70,107,164,10045,6700,-4262,-768,136,188
-55,224,189,11726,6636,-2030,-772,140,138
-54,271,192,13904,6560,-2783,-790,139,110
-88,138,113,16040,8333,-8593,-795,107,42
-127,45,18,11389,8227,-6886,-813,90,9
-112,184,56,1585,6366,-1888,-810,69,-32
-113,243,145,3105,5824,-2273,-818,63,-49
-142,158,87,7414,7679,-4341,-806,33,-93
-176,162,-47,3457,9135,-2882,-804,24,-143
-164,226,-61,2404,7117,-1514,-798,13,-161
-151,183,64,4058,4362,-2444,-794,-9,-186
-155,136,131,5138,5145,-2199,-787,-15,-203
-144,233,9,2223,9259,460,-765,-25,-250
-128,276,36,5137,8960,-2083,-759,-37,-269
-139,162,11,9665,10394,-3608,-726,-76,-321
-164,169,-149,7752,12127,-2461,-709,-93,-351
-156,179,-192,4029,11107,-1939,-664,-121,-392
-136,127,-64,2052,7680,-1669,-659,-126,-410
-131,176,-26,1387,6336,-28,-624,-137,-433
-152,269,-103,3241,7927,2183,-613,-137,-451
-146,169,-174,4947,9974,-2099,-569,-157,-480
-163,86,-176,6982,10167,-2088,-549,-179,-500
-115,134,-207,7473,9453,1433,-498,-214,-516
-121,194,-192,6614,7850,1803,-463,-238,-536
-120,197,-191,3016,7908,380,-438,-242,-544
-111,194,-203,3016,7908,380,-438,-242,-544
-100,104,-222,9304,7372,-1535,-400,-297,-552
-81,102,-199,14086,6105,-1336,-381,-328,-544
-85,153,-213,16107,6746,-612,-350,-407,-530
-81,100,-300,13032,9284,-3014,-319,-437,-519
-83,26,-373,11043,6894,-3783,-266,-492,-500
-73,3,-250,8022,2967,-2543,-259,-512,-491
-82,34,-194,7135,4499,-1060,-235,-543,-470
-46,43,-318,6817,6769,-1346,-217,-560,-465
-43,5,-330,4537,4661,-1910,-187,-577,-445
-40,0,-253,3520,2384,-1377,-177,-584,-445
-34,6,-249,4457,2895,-1075,-165,-597,-424
-39,-30,-259,2278,3511,-1288,-147,-611,-423
-22,17,-260,133,3455,226,-144,-608,-422
-15,17,-278,1710,2828,-96,-131,-614,-420
-15,-6,-305,1342,2543,-362,-127,-613,-414
-21,-10,-233,-818,1249,61,-121,-615,-419
-16,28,-205,-1693,2094,490,-118,-609,-419
3,69,-252,-1067,3514,297,-105,-608,-426
7,25,-311,1176,4346,-967,-97,-610,-422
-3,-30,-283,1715,3105,-1948,-74,-612,-413
8,-29,-273,280,2865,-943,-69,-613,-416
17,-3,-280,761,2198,81,-61,-619,-410
23,-10,-332,1519,1533,101,-54,-619,-407
19,0,-310,-201,-41,419,-57,-619,-403
14,8,-223,-2669,-656,384,-61,-618,-416
17,15,-230,-341,288,353,-61,-613,-415
23,20,-261,791,808,105,-54,-620,-416
23,-1,-271,363,783,-339,-55,-612,-407
24,-3,-291,104,844,-117,-52,-621,-413
19,3,-284,-30,197,62,-50,-615,-407
25,8,-278,209,-257,169,-53,-617,-414
25,-7,-264,-721,-266,196,-54,-611,-409
29,25,-276,-987,38,335,-53,-616,-415
24,30,-292,-993,-467,-318,-56,-609,-415
17,3,-286,-1359,-900,-601,-56,-608,-426
23,24,-336,-1835,-1030,-403,-58,-598,-425
21,29,-360,-1908,-2956,-1029,-65,-596,-439
14,10,-273,-5682,-5690,-2082,-77,-571,-465
21,63,-300,-6646,-5793,-1526,-87,-556,-470
3,69,-256,-5570,-7385,-2809,-110,-532,-494
-28,30,-187,-3546,-7753,-3404,-121,-520,-495
-45,15,-193,-2894,-6041,-2800,-139,-509,-513
-46,62,-289,-3332,-3807,-1765,-140,-501,-509
-34,105,-356,-4021,-3803,-2083,-156,-482,-527
-48,66,-281,-5583,-7139,-3626,-162,-467,-526
-63,32,-183,-4824,-9169,-4037,-198,-456,-544
-87,38,-176,-3027,-8012,-3175,-212,-437,-540
-93,68,-225,-3962,-5497,-1867,-234,-424,-550
-99,107,-265,-13303,-4175,-1879,-241,-390,-550
-100,100,-229,-13096,-4956,-2360,-262,-323,-581
-100,100,-229,-13872,-5429,-2905,-262,-323,-581
-118,95,-217,-17498,-5598,-3094,-290,-236,-597
-129,100,-189,-19809,-5859,-2779,-304,-182,-601
-140,125,-176,-22220,-5398,-2018,-338,-63,-596
-141,174,-155,-22140,-5377,-1151,-350,-10,-583
-122,228,-156,-17566,-5910,-1513,-390,80,-555
-147,262,-99,-11992,-7874,-3694,-411,101,-535
-137,184,-55,-8797,-8479,-5861,-470,130,-507
-155,122,-34,-10770,-7378,-5486,-488,140,-485
-186,151,-52,-11029,-7032,-3233,-537,180,-447
-182,213,0,-10347,-7681,-1772,-548,195,-419
-180,212,24,-7034,-7911,-2543,-591,218,-381
-163,123,34,-4113,-7991,-3815,-601,219,-356
-194,83,-6,-4439,-7926,-3568,-644,221,-323
-183,159,-4,-9482,-8037,-500,-668,242,-260
-154,180,93,-11450,-10349,314,-683,257,-225
-150,142,184,-11133,-11163,-934,-707,268,-149
-157,75,174,-7478,-8104,-2010,-720,272,-121
-151,81,64,-7746,-6527,-611,-726,272,-71
-138,132,112,-10263,-8427,233,-729,273,-38
-120,120,225,-10930,-9806,-610,-738,271,35
-139,57,257,-8339,-8480,-1560,-736,263,64
-113,21,180,-6448,-6069,-598,-739,254,110
-115,-33,103,-6101,-6125,661,-735,252,127
-97,28,201,-10064,-8695,4089,-714,260,195
-62,112,338,-12932,-9984,5917,-694,260,230
-67,126,284,-8765,-6050,2465,-678,256,287
-45,34,219,-3626,-5540,-782,-654,244,320
-51,-92,192,-2446,-6430,-560,-656,236,339
-40,-82,241,-5752,-7590,3799,-619,232,371
-30,19,316,-9469,-7056,6738,-610,233,402
-9,64,295,-6365,-5018,5361,-576,227,426
-18,-84,221,-2144,-3903,2963,-568,227,440
-27,-109,217,-1307,-3982,3890,-539,240,457
4,-57,249,-3249,-5118,9186,-521,252,466
36,-24,254,-3580,-5045,10332,-472,267,490
32,2,249,-2379,-4622,10060,-448,273,500
20,-3,237,-563,-4552,8842,-399,291,516
11,-49,196,2767,-4218,7705,-373,309,513
82,7,241,1736,-5768,9405,-315,334,519
78,2,324,1247,-6757,10092,-252,341,768
62,37,277,4116,-3704,9594,-226,368,515
53,6,259,3705,-2439,8238,-184,380,498
65,88,254,1354,-1857,8653,-165,386,500
78,125,332,1495,-1866,6166,-127,387,491
33,0,334,5062,794,3149,-118,403,487
38,-33,171,2715,3295,5093,-107,407,470
50,75,152,-693,796,7265,-96,412,478
49,100,257,-200,-1768,5638,-63,403,475
36,17,284,3051,-1271,3407,-55,409,475
37,-36,177,2921,118,4036,-34,413,460
46,39,201,278,-1689,6560,-14,416,465
47,78,306,-145,-2258,5870,17,401,460
47,59,317,-27,193,4660,38,397,461
53,169,279,-1361,1297,2932,42,385,461
32,95,252,1313,1577,-771,28,391,460
37,4,206,2715,2174,-2959,19,399,458
44,58,248,-246,1055,-1490,10,398,458
35,0,275,365,530,-1904,1,404,459
24,-20,253,1142,1307,-1760,-11,407,453
22,50,219,260,1732,200,-7,406,461
21,53,203,545,840,-433,-18,402,456
25,45,244,449,-29,-941,-17,409,462
29,25,233,857,21,-1249,-24,413,451
29,41,244,459,-315,-1028,-29,421,461
19,19,248,537,-209,-1305,-29,416,452
20,21,231,592,16,-952,-32,424,455
23,31,245,214,-252,-598,-34,422,453
30,48,260,-245,-280,-251,-36,424,452
26,19,242,880,80,-805,-37,424,449
26,6,229,511,-267,-285,-38,422,441
28,50,259,-403,-379,623,-34,425,448
30,75,245,72,-10,-330,-37,422,445
27,25,219,709,-139,-1061,-37,428,447
29,2,260,111,-739,-616,-40,425,441
25,44,250,-303,-48,374,-36,427,447
33,85,233,-304,-193,28,-37,422,444
29,26,268,-60,-530,-1150,-37,427,450
28,17,247,201,291,-882,-43,427,444
27,27,239,380,261,-387,-43,431,450
30,29,256,-408,190,46,-50,423,444
28,66,265,-1137,487,460,-48,428,449
30,78,251,-722,1026,-136,-47,416,452
28,75,256,-629,1083,-1012,-62,424,452
20,-6,220,1174,1384,-2521,-67,420,451
13,-2,243,-287,852,-1443,-76,419,458
16,26,243,-1439,906,-181,-82,420,462
20,73,247,-1130,743,-142,-81,412,461
13,40,239,95,723,-1535,-88,413,466
16,-17,233,1273,403,-1670,-95,419,456
10,-31,266,763,146,-232,-97,418,459
14,39,255,-396,792,1456,-95,416,462
11,95,241,-641,958,1162,-93,420,466
7,63,230,-104,803,-490,-99,414,463
3,14,215,479,444,-1258,-103,424,466
12,25,239,122,-280,-690,-106,415,462
15,31,283,101,-128,-467,-106,418,461
13,13,269,737,730,-226,-111,418,458
4,25,241,486,1082,371,-107,423,462
4,60,218,-185,635,334,-111,417,460
5,68,233,-257,-0,-507,-114,421,464
12,60,243,-257,-0,-507,-114,420,462
5,9,266,-54,-146,-1460,-116,420,462
1,-4,233,403,525,-1362,-124,422,464
3,36,217,83,551,-62,-129,421,461
4,64,242,-346,-504,68,-124,417,463
2,26,252,694,-499,-783,-120,418,461
4,33,241,708,-287,-423,-123,419,456
7,44,252,231,-280,-324,-127,430,462
3,19,243,508,28,-722,-126,425,453
4,11,237,233,75,-363,-128,429,461
3,15,265,-11,-119,200,-129,425,456
4,42,245,492,539,814,-126,429,456
1,85,202,619,508,714,-124,428,454
5,26,264,662,-1047,-1460,-125,435,454
8,31,260,-703,-400,-1820,-130,428,453
8,69,237,-1688,143,-2545,-140,428,462
2,43,235,-1512,20,-4227,-150,419,461
1,6,237,-789,195,-4405,-170,419,466
5,-16,237,-204,374,-3003,-174,413,467
7,-13,244,335,110,-1075,-184,418,463
12,11,252,621,-40,643,-180,421,466
8,50,262,167,-65,1532,-174,421,463
5,70,253,319,147,915,-170,422,468
4,59,249,49,177,49,-168,419,461
4,44,252,-261,47,-467,-170,420,469
3,34,240,-422,158,-875,-176,418,464
3,22,223,-468,203,-966,-179,421,472
10,10,244,-533,-216,-752,-181,414,468
7,-4,253,-791,-408,-647,-182,413,476
5,-11,234,-526,137,-351,-182,410,469
7,19,234,-440,134,614,-181,414,477
6,29,241,-98,-198,672,-175,405,469
6,30,248,-567,-271,487,-176,409,480
7,39,252,-382,-347,308,-173,408,481
5,27,253,91,-337,-269,-172,406,480
10,23,250,381,-299,-411,-173,407,481
4,22,251,-83,-240,-168,-172,406,479
5,47,236,80,-115,179,-170,405,484
6,38,239,-70,-342,-205,-171,404,480
7,4,243,-266,-417,-817,-176,407,484
9,1,258,-338,-362,-144,-175,401,484
9,17,245,-56,-12,198,-174,409,488
7,16,231,-102,20,95,-173,395,479
8,16,251,-228,-322,60,-171,403,487
5,21,248,88,-53,-16,-172,401,481
9,20,231,148,67,-6,-171,405,488
12,25,269,-88,-420,262,-165,402,486
7,25,260,32,-287,166,-172,405,490
10,29,240,145,208,131,-166,400,486
11,27,250,213,-200,-25,-169,403,486
9,16,257,-0,-189,-272,-167,401,488
7,18,235,210,92,-144,-166,399,485
5,22,227,41,-16,-15,-166,403,485
7,14,233,102,-339,-118,-168,398,481
14,16,251,-281,-501,-192,-165,400,488
13,20,256,-75,-493,-70,-165,398,484
12,11,241,491,-140,-203,-164,406,489
12,12,248,312,-218,42,-168,398,482
14,31,255,300,-111,333,-167,409,487
18,39,232,277,31,56,-162,403,481
17,30,242,-179,-319,-390,-166,403,487
17,16,265,-457,-373,-568,-166,402,485
14,7,255,125,-1,-406,-164,403,488
14,11,233,376,134,-26,-166,403,485
12,11,235,141,-194,54,-168,405,488
9,19,235,35,-359,137,-166,402,483
14,26,249,51,-539,-33,-164,404,488
17,18,256,133,-293,-342,-157,403,484
14,10,240,37,-127,-94,-162,403,486
14,32,241,-96,-215,292,-160,404,486
15,37,247,9,-379,103,-158,401,486
13,29,248,-54,-312,-320,-159,402,487
16,18,246,48,-246,-476,-159,401,479
16,12,249,-60,-190,-409,-161,401,491
14,8,245,-216,-22,-42,-161,398,484
15,11,239,-227,3,148,-158,401,491
19,14,249,-228,-147,160,-157,392,489
18,28,259,19,-197,171,-157,398,495
20,16,245,418,124,-204,-160,394,483
20,0,239,324,44,-325,-159,401,490
18,11,249,-56,-126,154,-160,392,488
20,36,247,-258,45,503,-158,399,491
17,36,245,73,79,193,-155,395,491
18,16,243,93,-40,-367,-161,399,487
16,10,246,8,-53,-226,-161,395,488
20,12,247,165,6,-96,-159,401,492
20,6,248,-215,40,61,-160,396,491
19,14,253,-150,21,276,-160,392,485
17,20,245,-49,187,294,-159,396,493
17,30,240,177,49,160,-158,394,480
17,17,250,341,-108,-183,-160,401,492
15,4,248,321,-78,-324,-158,397,486
13,15,246,144,96,203,-159,402,492
15,28,246,427,61,311,-157,394,487
17,39,235,336,103,241,-160,401,491
16,29,247,608,-104,-114,-156,398,485
17,5,248,450,-78,-576,-160,406,488
18,7,246,19,43,-278,-161,400,482
17,30,249,30,-44,198,-164,403,488
14,14,245,391,-24,-122,-162,403,482
12,7,232,189,113,-299,-158,398,480
17,30,240,-20,-216,280,-160,403,483
18,24,258,24,-269,-79,-158,398,482
15,10,253,266,-13,-124,-160,400,483
15,17,239,48,82,181,-159,400,478
15,32,245,-0,-121,297,-161,405,483
17,31,250,210,-128,12,-153,398,482
